RTF091,RTF092,RTF093,RTF094,RTF095,RTF096,RTF097,RTF098,RTF099,RTF100,RTF102,RTF103,RTF105,RTF106,RTF107,RTF108,RTF109,RTF110,RTF111,RTF112,RTF114,RTF115,RTF116,RTF117,RTF118,RTF119,RTF120,RTF151,RTF152,RTF153,RTF155,RTF156,RTF158,RTF160,RTF161,RTF163,RTF164,RTF166,RTF171,RTF172,RTF173,RTF174,RTF176,RTF177,RTF178,RTF179,RTF211,RTF212,RTF213,RTF214,RTF216,RTF218,RTF219,RTF220,RTF221,RTF224,RTF226,RTF227,RTF229,RTF231,RTF232,RTF233,RTF234,RTF238,RTF239,RTF271,RTF272,RTF273,RTF274,RTF275,RTF276,RTF277,RTF278,RTF279,RTF280,RTF281,RTF282,RTF283,RTF284,RTF285,RTF287,RTF289,RTF290,RTF292,RTF293,RTF294,RTF295,RTF299,RTF300
0,0.5638825835949687,0.5824203640620285,0.6537945128040142,0.5577391948722198,0.7977948330772116,0.7629975964668232,0.6887587269200034,0.7777125050826468,0.915115742581368,0.8876444804806054,0.8264162805191702,0.9331901271055738,0.8658660298162846,0.8919393338165083,0.7520964031381555,0.8325390363661612,0.97475111760469,0.7490518355306863,0.6436693469130987,0.8303768772793436,0.6446184519822438,0.8676687302773631,0.85434751740733,0.8159416959066369,0.8620083391110817,0.8380996558398814,0.9793948394866044,0.6136535560432977,0.5958226819658571,0.5961923818937952,0.8091281899624789,0.6760977081871166,0.6341726201786142,0.8297090303151683,0.9828197591493415,0.9195183611968964,0.8949902272532925,0.6579369306816968,0.6093761302829639,0.6552005454345794,0.6240828869973984,0.8646937088749795,0.919703755598056,0.7570445693156742,0.8026574206606572,0.6297328649049225,0.6330386680578454,0.6639230781736751,0.740794216532754,0.8324304792141574,0.700076045248691,0.6502509325690318,0.7626078351495571,0.8345323063477146,0.7830211742322768,0.993418741961973,0.8836356743200457,0.9941577525874177,0.621715084232305,0.6906019880495027,0.6276993710630816,0.6298616110575194,0.8136126151344453,0.7494325067766583,0.773773089280167,0.6764898121989814,0.6887109131761493,0.6844805438941981,0.9798858458384235,0.7121598905148069,0.6603116162540452,0.7388916664052,0.7201131580713136,0.7564132467496189,0.7635840712063575,0.8704714836589715,0.9851391405278863,0.8528340895831618,0.8581516567428209,0.9323350369139363,0.9836922697246476,0.9720465429001641,0.7356529084954642,0.6851396923163016,0.7451430619028009,0.6592157049462494,0.8422619003151919,0.8853069719674723
0.5638825835949687,0,0.5301371084450092,0.6532839081526326,0.6344082870356192,0.7620273338769099,0.6787516784920169,0.6364134320683933,0.7015834505900146,0.9374099405694178,0.841728016965378,0.8124314307470546,0.9437299539809875,0.8395111338391178,0.8471848412063788,0.7273321275415646,0.8061141125305316,0.9637878653369528,0.6397790805353256,0.6148976478213587,0.7904054294811154,0.5679809670251686,0.8248821019345884,0.8250974941943967,0.7926494404209434,0.8926862356778902,0.786574665868877,0.9923972750712893,0.676969901483386,0.5823442105269787,0.6121045950303706,0.7579307007750973,0.6329978600107229,0.5698015857622344,0.83891043040795,0.9822396136248249,0.9256318279104353,0.8544026917418172,0.5385753936880845,0.5826599669236452,0.5624645135005547,0.669570273999283,0.8831990663894755,0.935985646724431,0.6993059463849041,0.7320950283308681,0.6281643080673861,0.5850851159033778,0.6431220395335058,0.719703430125571,0.8147724170358223,0.6369616864282346,0.6452133236606893,0.7514683068376729,0.8095970888064739,0.7194120548818226,0.9932805220317603,0.8660634305760833,0.9904710628181971,0.538100033004299,0.7268387376466291,0.5841157586720663,0.5714623697658456,0.7679656930603153,0.6812584739523141,0.7118612104115546,0.6869570731662432,0.6279561164759021,0.686398630434936,0.9721052989231621,0.6655759507960979,0.6399793769552542,0.7047977222656502,0.7276296298479352,0.7706745727811355,0.793635972730707,0.84667094610204785,0.9820016903882088,0.8188244641294996,0.8184853373221769,0.9314860596691836,0.9655579122560468,0.9553515253322027,0.6804440861976194,0.5962933559860473,0.7099989089634273,0.6540387137032656,0.8023795327290556,0.8517083205657303
0.5824203640620285,0.5301371084450092,0,0.7702488431050311,0.6950587361209197,0.7591253783245133,0.6951979231659811,0.7263254077698993,0.6859369397249908,0.9453863077584042,0.8450333171400541,0.8455009198854654,0.9550837273159265,0.8385687941750666,0.8856152213583737,0.7335154480899088,0.8025601205704269,0.9735260675038796,0.630255622805576,0.6213330390931575,0.7383123190142771,0.5964636258768594,0.8051510964946438,0.797282813369044,0.7698815765046654,0.9231596965970775,0.8347376500999195,0.9889385284256568,0.6912248980575868,0.596221410962635,0.6094765795650653,0.7121281761499376,0.7074049993648271,0.6629964532848754,0.9048877023304206,0.9877286261254261,0.9230179310691107,0.8792437278830663,0.6155644746454239,0.6597865396084694,0.6179445066454102,0.7043402176933456,0.9053455253093929,0.9283321835246214,0.7190276645543506,0.7202907116838418,0.6743135234851309,0.60469255599188,0.6224203411270588,0.7393869513496558,0.8438358466306103,0.6651801657301579,0.673429886693553,0.7599147500574918,0.8672445350469263,0.7527674655531439,0.9913429254478275,0.8975157451715389,0.9961142539527809,0.6638180781072361,0.7487422130617803,0.63011119739261,0.6711889147352602,0.734152575675127,0.7231950988179934,0.6865572296418995,0.7183241316183749,0.6327827848867504,0.6470960872712624,0.9855391324840417,0.6943153091776345,0.7250631295251992,0.7088886539613329,0.7296012694904703,0.8240033309228291,0.7907204126469812,0.8486773195157684,0.9849484136393487,0.8528833113990028,0.8458913139743433,0.9297761640950342,0.9865416138066174,0.9776104479423616,0.6657508645617013,0.6463864295364827,0.7066615598433025,0.6630125866272969,0.7919372646061301,0.8506454682209901
0.6537945128040142,0.6532839081526326,0.7702488431050311,0,0.6599220685260875,0.891061990741041,0.8519947885263677,0.7899999717652603,0.8651433481209015,0.9049738655003596,0.9327694178412971,0.897512151280975,0.9333535203278036,0.9209069446877726,0.8900831415273698,0.8476982436986317,0.8985522346972833,0.951922858692034,0.8557245631162839,0.8350925399048786,0.9222981032502882,0.8068582742998636,0.9358499433855133,0.9238188173737221,0.8866708316022216,0.8648823273888363,0.8990769141025319,0.9888339197371006,0.81466039814085,0.7477248348505557,0.7394992548211439,0.9018931461379543,0.773969994813663,0.7551150218851826,0.8266484469675234,0.9727477095301088,0.903805153796813,0.8284959670153447,0.7900380295733783,0.7479643758251138,0.7896242659992389,0.6749444084005689,0.8461097473018206,0.9370713172416506,0.8743839061490899,0.8819490006929926,0.6567265887447811,0.7414217993058855,0.8064672691848588,0.6428001790213762,0.7993654755954198,0.8163581645611822,0.8152191624546651,0.838448176253627,0.8381565447087016,0.8385387031832907,0.9872625504371894,0.8102599875848346,0.9826090511530603,0.7483958240759218,0.6842795526924456,0.7638459272786068,0.7099242889609888,0.8883488838516365,0.8436090101450417,0.8707748459768138,0.7010627676212781,0.7945988208853964,0.814888437338746,0.9557410471207787,0.8305179722641526,0.7958131149758001,0.8689981871728503,0.7923744585861223,0.7308105856097187,0.7324000141217016,0.9317249082904054,0.9781509022384776,0.8914174134302199,0.9090756394551266,0.8734455488878146,0.9448830439037946,0.9377209015919307,0.8402281449273794,0.7693420982593602,0.8646847144340294,0.8160424841403436,0.8910259065866215,0.940989178748599
0.5577391948722198,0.6344082870356192,0.6950587361209197,0.6599220685260875,0,0.8271883818672979,0.7856104631503265,0.718504458411824,0.7919059933499909,0.9203475616169052,0.8969747830427116,0.8463138327096472,0.9425137195019051,0.8670715332084447,0.8964075509284803,0.7789176062069717,0.8205344790721804,0.9698544327791707,0.7723001925425348,0.6934639958591178,0.8675282505557645,0.7108175562847814,0.8795946193439721,0.8820510846843391,0.8350857027780237,0.869788163763259,0.8400266141800069,0.9979475983705387,0.6834348649345908,0.6239156780301842,0.7014017055742284,0.8102177294160696,0.7036351957590078,0.6926678786253364,0.8413669674355106,0.9833113556885598,0.9275645906566489,0.8796993037953673,0.6979282885193462,0.6253001188652576,0.6661493347946568,0.6195937217101352,0.9003821651705657,0.9318204018146641,0.779578359339154,0.8011167134173636,0.6492772820745846,0.6445932201984234,0.6963393193723992,0.7277213741641212,0.7317699739418841,0.712822069105212,0.7291390318487347,0.8062191504373868,0.8423421696104187,0.7555448680103339,0.9934599011920354,0.8825950357661413,0.9968702424104102,0.6537869473534305,0.663122233486283,0.6765855499611522,0.6422244922695886,0.8402299065122854,0.7522732185933522,0.7812100617133261,0.7044416589183962,0.7027009107946248,0.7417282441202849,0.9750710656079025,0.6919722537841765,0.6391223058759611,0.7588046168391693,0.6614392094231936,0.7707895167175103,0.8003419867555883,0.884106932330701,0.9957052892398105,0.8703388370082239,0.8435210123826774,0.9538571893620695,0.9713824472223109,0.9635583589273707,0.7724226080468758,0.677303816928456,0.7729588229267453,0.7216275436513095,0.819409196155431,0.8905727515499332
0.7977948330772116,0.7620273338769099,0.7591253783245133,0.891061990741041,0.8271883818672979,0,0.4705401750730592,0.6660875850474438,0.4336603415459549,0.9716331612169782,0.7036156800780828,0.7538924131862228,0.9638872605734911,0.7342723216280345,0.8678592664859687,0.5849464594967488,0.6606831826803559,0.984961106934094,0.5991583209846872,0.7326535161744432,0.6190869719894723,0.6871045449229883,0.6431421823239978,0.6699655265983316,0.6653940624459662,0.9706406753055937,0.6922603050915868,0.9981230978832192,0.7692358318910512,0.7788681003578258,0.7872102325598821,0.5057971765788865,0.6637050479181028,0.678430473296232,0.9066374587788602,0.996348178571352,0.9599500866052845,0.9442950113551493,0.7237058666160996,0.7994866080249914,0.7427448089420082,0.8125300492193277,0.964499460621449,0.950906573736689,0.5962107240562934,0.6001546008232267,0.8112419529176221,0.8085670352857861,0.7738778886528132,0.8775311094161451,0.8530527058730732,0.6571814675415147,0.6627398341844671,0.789372083621668,0.8796901044460392,0.6534481735966233,0.9920430969569433,0.9417966021999412,0.9918526301487227,0.7391263791465409,0.84747259372876,0.7615431262515109,0.7778968463899693,0.6682721519336707,0.6553562060145703,0.6758702062769848,0.8455240367569822,0.7440241091625711,0.7558948432039809,0.9904457485942088,0.6546640710768005,0.7246665944932603,0.639622125947778,0.7499051678211832,0.8633203440991074,0.8937144539249321,0.7533365914570735,0.9920334381951875,0.8228785397088153,0.7775933725099086,0.9681218399117937,0.9927513685907912,0.9827707183592216,0.7033454999743318,0.7205443328443344,0.6968212161177253,0.71801257424086,0.7380679144835898,0.7013458317519206
0.7629975964668232,0.6787516784920169,0.6951979231659811,0.8519947885263677,0.7856104631503265,0.4705401750730592,0,0.5326640779510676,0.32273637231007457,0.9696823802275351,0.7005464518770856,0.7518553923307231,0.9530213192719404,0.7513063970804461,0.8441339428452608,0.49433679855468865,0.6309216895382788,0.9845143175073904,0.5345451297016095,0.68099216567885,0.6124482731305592,0.6214393192537897,0.6507709462074331,0.6478970372857192,0.6579274350215104,0.9570274447783294,0.6855524143915921,0.99667451098481,0.74408121366825275,0.7091672053070682,0.7329528176559537,0.4586418120413454,0.5328719541746659,0.5724559353118743,0.9047768685601717,0.9905152750234122,0.9624493437623914,0.918389955272415,0.6333542288861448,0.7219138037996912,0.6664092760113131,0.7720880201241054,0.9563819765433972,0.9313232254137599,0.5228546124259636,0.5598728158767114,0.7664534402412299,0.7317958764481618,0.7259023722341377,0.8136643666184356,0.8225705491279404,0.5700583869558441,0.5586831543324724,0.7377651386318043,0.8543948616221209,0.5899374145565952,0.9941951218603171,0.9243652188368112,0.9903204980791235,0.6543736669262539,0.780173672063013,0.6755061369345055,0.700979667346443,0.6307852754106127,0.6007140625853563,0.6584226747252586,0.7803611093155762,0.683838768679495,0.7202438351874888,0.9760524452103428,0.6199559982695168,0.6372566159366566,0.6237222530358297,0.6612953763823843,0.8268063555978382,0.8401443381432743,0.7862195108157358,0.9884758573801511,0.7969900550022612,0.7639333067648189,0.9668318234268573,0.9828814166041175,0.9702986786606399,0.6798012333409947,0.6784545775921316,0.661754921666298,0.669035067407038,0.7329173857892851,0.7239461723298813
0.6887587269200034,0.6364134320683933,0.7263254077698993,0.7899999717652603,0.718504458411824,0.6660875850474438,0.5326640779510676,0,0.5971002737398787,0.9498238208484541,0.8026010904453709,0.7872880011728726,0.9438169579125826,0.7955150967866114,0.8387820477006513,0.600340975423546,0.7135523084452727,0.9733103684635276,0.621359109008914,0.6715916098196447,0.7452263249189863,0.6293505912040395,0.783788270123558,0.778063125124109,0.7459984041358505,0.9346464448203963,0.6991275102895721,0.9964894047467768,0.7319989629322762,0.7190380163575911,0.7286319570736197,0.6584343719842676,0.4677702747900288,0.5224699539860655,0.8614058262309602,0.9802161213133571,0.9328746928437625,0.8977897014843149,0.626716523232021,0.7064003842645786,0.6206338366592827,0.7198239417787321,0.9257768183110747,0.9319733200139416,0.6348752409008245,0.6680793325032358,0.7699361130266322,0.7444262376449734,0.7005375784533773,0.799236409669203,0.8146661355562121,0.5516224629990734,0.5436302420507356,0.7258483549129666,0.826571248281962,0.628546135187487,0.9890583526909899,0.8972741162642618,0.983405415505734,0.6216446949523678,0.7671071594906907,0.6347101600842685,0.7009226799123893,0.7247962482754204,0.646504654626119,0.6977892573034167,0.7535055815507924,0.7056826903376615,0.727959204417377,0.9792467127684087,0.6345365439528732,0.6188306026738042,0.6514223063066471,0.6206438257214026,0.7739166549556226,0.7794042250419051,0.8153631660575429,0.9874581751373873,0.8067613899860264,0.8067727218104849,0.9406381858106443,0.9748986111635494,0.9605806982721493,0.7238412012692482,0.6910639048008974,0.7124815293385994,0.6907063939904903,0.7784947896623979,0.8101593116784208
0.7777125050826468,0.7015834505900146,0.6859369397249908,0.8651433481209015,0.7919059933499909,0.4336603415459549,0.32273637231007457,0.5971002737398787,0,0.9718327182199453,0.7017056245323112,0.7631886818236343,0.954190443820827,0.7431969487376627,0.8653670882061959,0.5219923290022354,0.6544682532451622,0.9834090856895362,0.5479358850922917,0.6833031697070581,0.5905097828083707,0.6654367163718031,0.6259849785798126,0.6395068688979377,0.6578317521296999,0.9707356254099888,0.6984660298122757,0.9940976013565141,0.7401704513387211,0.7249555432602863,0.7314102830074477,0.3629253588421307,0.5968435340829206,0.6191901628638891,0.9286713526597355,0.9943144841585388,0.9647561447635389,0.9211210459347484,0.668804383239907,0.7463387946957415,0.680130297891563,0.7780990892988067,0.9578344582069648,0.9378782845894115,0.5106485454059405,0.5124357163916339,0.7700944532511875,0.7459042114674459,0.7149604855503007,0.8521265286822356,0.8322361165158139,0.6074395626289847,0.5917014677889204,0.7510054362203266,0.8612971414947266,0.585271192929821,0.9930884889962217,0.9378181766398366,0.9931167839293181,0.6635158918135085,0.8207980883940489,0.7048987969194076,0.7417942973505944,0.5858458857888628,0.5583559530647861,0.6306605271837298,0.8119643752322226,0.6849225965018183,0.7211801530496083,0.9840501907614797,0.5893903739761872,0.6770629782107299,0.5855728456460112,0.7064084947624336,0.8531267307963717,0.8721980043525617,0.7650701140592859,0.983557924768772,0.7920884463476886,0.7532188870053415,0.9652869014626401,0.9876760944482713,0.9826359397228149,0.6523374898274235,0.6906515006570082,0.6641167194350359,0.6829068153262393,0.6990461390723924,0.6761825141113139
0.915115742581368,0.9374099405694178,0.9453863077584042,0.9049738655003596,0.9203475616169052,0.9716331612169782,0.9696823802275351,0.9498238208484541,0.9718327182199453,0,0.9838578107931851,0.9644528910754571,0.9551941617765486,0.9811056774359296,0.9656088479114021,0.9623995682050737,0.9724856842849977,0.963610606048486,0.9577290250927757,0.9490616908463471,0.9830035778636285,0.9299469066931498,0.9855459072055374,0.9788060708622255,0.9759955261428068,0.8915957586361167,0.9827592956621412,0.9847083985745425,0.9687371932713665,0.9494881790549868,0.9578842390968961,0.9825970000207064,0.9542689628381543,0.9562491438783192,0.9335509397751517,0.938219920171426,0.9405154805728712,0.9020383239921158,0.9414416226293146,0.9390463888216942,0.9568025258578198,0.9179634982574681,0.8440235313724844,0.9497686551078905,0.9740978158342738,0.9839707943701597,0.9345338562815766,0.9473818272871134,0.9462097335008085,0.8561776524887549,0.9175106123684181,0.9634493776272532,0.9470040131574768,0.9703240641737877,0.9371981009009128,0.951745982533191,0.9474154150407879,0.854062454577122,0.9457616491579621,0.9371719228124136,0.9320994989717208,0.9469081145105691,0.9407681026170842,0.9804479771746036,0.9772767123134479,0.9753776068091135,0.9003309531533424,0.9606834163226582,0.9514051746298,0.983821834331857,0.9617416119493994,0.9350912060997798,0.9715930599378507,0.9385104968375224,0.8987669639916929,0.860363808225592,0.9913234226540022,0.9664256821683771,0.9667044768266954,0.9710360397047617,0.8448612206725625,0.9280030358943315,0.9279708889403862,0.9663273535213868,0.9455256390608773,0.9498275392796488,0.9505213575045222,0.9728250278842323,0.9940841482181513
0.8876444804806054,0.841728016965378,0.8450333171400541,0.9327694178412971,0.8969747830427116,0.7036156800780828,0.7005464518770856,0.8026010904453709,0.7017056245323112,0.9838578107931851,0,0.6452165675237436,0.9603349817294733,0.6128561290322252,0.8839503370973016,0.6722904850146204,0.6665829734926758,0.9953776237107833,0.768198384555128,0.8270572896497373,0.7607380768916671,0.8023485193783978,0.5448122011121853,0.5818011910203159,0.7246470309025543,0.9792921377871272,0.709682697958432,0.9889335425851368,0.8523286581895708,0.8764052188463611,0.8791721717629978,0.7190826765209198,0.8129627647496555,0.8211883002568002,0.9489354463046654,0.9838139733857253,0.9683798155633029,0.9657801004563905,0.8397559243864918,0.8684881639892634,0.8577060812910908,0.8846925147609886,0.9767565519184722,0.964616829883776,0.7244531316552236,0.6776305743565066,0.8949774886189178,0.8869439686989462,0.8714219055000942,0.9219845024059315,0.8955408602025902,0.7876794163413239,0.7828725952582354,0.8126876767693803,0.887769867500595,0.7593573020111986,0.9903618847167965,0.9656686003622105,0.9958106336938702,0.8373568921062832,0.9064673844573904,0.8531075480916708,0.8492002630093564,0.7086645661605745,0.745868383521147,0.8210206723862463,0.9048932748242153,0.8629848548960375,0.8709292919032343,0.9842736499894127,0.7709900377391654,0.8290937726675287,0.7754368369301322,0.8560491891410539,0.9315314034951461,0.9388897316987547,0.6869512546766373,0.9806794929833503,0.8351998741261041,0.7125874203591642,0.988729763970139,0.989974712789851,0.9866978709134463,0.8214915955276492,0.8393942757619555,0.828015204128702,0.8426635954113202,0.7979618743085896,0.7526398823784611
0.8264162805191702,0.8124314307470546,0.8455009198854654,0.897512151280975,0.8463138327096472,0.7538924131862228,0.7518553923307231,0.7872880011728726,0.7631886818236343,0.9644528910754571,0.6452165675237436,0,0.9231872548707959,0.6803081441370085,0.7870551103880892,0.7240384932076602,0.7120111314512515,0.9831734641764723,0.8119901065789915,0.8175460216830683,0.8106305008208807,0.7976043376004508,0.7025768859718715,0.717099777004449,0.757651686229664,0.9296158464598916,0.7333564455200275,0.9888078137432054,0.8175349503573456,0.8375629951106733,0.8369572086457072,0.7868289330130074,0.7716715495829244,0.7944403321058855,0.8728786688166009,0.9908455894108427,0.9571198903945048,0.9308063618795803,0.8190244170344217,0.8127327276258498,0.8256771184180314,0.8291520192568643,0.9415911056582447,0.9552022010977673,0.7561436196532477,0.7727288812420949,0.8575304711715824,0.8424593406596967,0.8517922662221501,0.8868657874423377,0.87092238136578215,0.770460507013049,0.7484368596459721,0.7893904133319904,0.8137984184027547,0.7208042992738108,0.9925792568951567,0.9318520211698565,0.9918998665450238,0.8213913597842901,0.8659057827571112,0.8216447739788009,0.8258596178916169,0.7712005924318108,0.7418403318005194,0.852726801380488,0.8837865681585025,0.8595213886325465,0.8702145866169326,0.9817870709776498,0.7939805429069038,0.793412672241427,0.7935906566134514,0.8111655231240387,0.8776919969189643,0.8882538356503974,0.7577330465929053,0.9828622067249909,0.8636103970786811,0.7482446723114287,0.9689131869010664,0.9856922221458071,0.9725268734910109,0.8491913515446976,0.8491512704919882,0.8241048352105299,0.8698484093991017,0.8245323527278422,0.7997767038213239
0.9331901271055738,0.9437299539809875,0.9550837273159265,0.9333535203278036,0.9425137195019051,0.9638872605734911,0.9530213192719404,0.9438169579125826,0.954190443820827,0.9551941617765486,0.9603349817294733,0.9231872548707959,0,0.940280749601032,0.9016901552298809,0.9307263093881623,0.9395498682304487,0.9826583640905824,0.9678713381465185,0.9520642001884885,0.9733923361634081,0.9513377139240976,0.9596815466143878,0.9606525769018545,0.9356104539991856,0.8803422793675906,0.9546582787641337,0.8754579588606938,0.9459869297996425,0.9588857131886133,0.9525748353267671,0.9551064290623467,0.9404690405587898,0.9356369772642112,0.9200909121079123,0.9582630072207569,0.9525963232091773,0.9203213629501188,0.9622626976124131,0.9534556887989949,0.9605573009901255,0.9160840280480738,0.899842620798572,0.8161944884067489,0.9379016454534073,0.9453779187405915,0.9292368995424056,0.960688913250262,0.9588690145528964,0.9483162884980214,0.9613707229761164,0.9384329092809134,0.9434596717699796,0.9282230137046749,0.9073832523010417,0.9161975205729205,0.9612379691000695,0.9104817565856171,0.9116838068583896,0.9610704857714459,0.9438598492705625,0.9522641391296478,0.963386265061784,0.9509345072001791,0.9430892986820945,0.9577002617197111,0.9599369608518196,0.9706014515690861,0.9724257901904687,0.9435089108938476,0.9417293671591607,0.9406577059310003,0.9568997821144886,0.9576093659518222,0.9475776452069653,0.9483618988701968,0.9464158155348215,0.9020450037178083,0.9300803033281956,0.954585279446825,0.9352595132711824,0.9550393633689094,0.960653004893547,0.9591614908454724,0.9620548810460777,0.9721649000745649,0.961922472308512,0.9061650334857075,0.9657575491626653
0.8658660298162846,0.8395111338391178,0.8385687941750666,0.9209069446877726,0.8670715332084447,0.7342723216280345,0.7513063970804461,0.7955150967866114,0.7431969487376627,0.9811056774359296,0.6128561290322252,0.6803081441370085,0.940280749601032,0,0.8610677355779606,0.7019892337159873,0.703570280017837,0.9865187685508053,0.7805407567954333,0.815595295897883,0.7751411481723379,0.8152052431748572,0.6821681508033781,0.6630611519964545,0.691582427155617,0.9616178520306105,0.7254518789295453,0.9911656227617913,0.8389436715231657,0.8666535717305585,0.8763966327261926,0.7420243849307132,0.7940356137067329,0.8107896871360698,0.9510735372886908,0.9831968866522356,0.9720575680009239,0.9593919920428722,0.8290815512172613,0.8490404125112081,0.8322716883716782,0.8624686648815526,0.9690718279170517,0.951295516038973,0.7434907987464702,0.7237755756138006,0.8992954025911698,0.8890597186201504,0.8710137547978826,0.931361968132333,0.8727493402834968,0.8002684660780027,0.7689524413222425,0.8085068639866636,0.8679592282887969,0.7575775008796661,0.9932993518091469,0.9680345018034455,0.9907623716086549,0.8231118511137496,0.8904413620286403,0.8264222581864598,0.849973481369866,0.7317506534016354,0.7498331639310392,0.8469431544349164,0.8995407527499686,0.8798762641826411,0.8742498758088996,0.9959616133792195,0.7836496784700339,0.8213483973114653,0.7773602802548274,0.8389649072650426,0.9131311876725192,0.918032788004504,0.6919604204302024,0.9706946909062903,0.8289077872469587,0.70507996804569,0.994504702024676,0.99647419370952,0.9872784204166687,0.8239767519685862,0.84815476640990906,0.8241882414687647,0.8304498935304097,0.7633073806049513,0.7196441002708208
0.8919393338165083,0.8471848412063788,0.8856152213583737,0.8900831415273698,0.8964075509284803,0.8678592664859687,0.8441339428452608,0.8387820477006513,0.8653670882061959,0.9656088479114021,0.8839503370973016,0.7870551103880892,0.9016901552298809,0.8610677355779606,0,0.8596338540861994,0.8324306402036972,0.9979210974469033,0.8570108989725013,0.8767690249055958,0.8876077063078442,0.8677245061651331,0.8575264403639158,0.8564090677823507,0.8195294384971217,0.9007367377593778,0.835870107762761,0.9755941776778119,0.8922148346785743,0.9085342306884328,0.9258637330597294,0.8853340997276969,0.8370618744518278,0.8581103826017598,0.8086458805486829,0.9771288601649599,0.962981048533552,0.889544804874044,0.9065036566481446,0.9059595444382345,0.9076080942160207,0.8971575172058156,0.922265521171638,0.9412615208111007,0.8721456333116224,0.8903463757528464,0.9131893147535107,0.8997654713212487,0.9127645847896886,0.909919597624304,0.9126095833991471,0.8529759241522811,0.8472261388631381,0.859714450216391,0.8433220755624429,0.8234997336585269,0.9889719050165392,0.8808969886303804,0.984746225574009,0.8861545138228925,0.8960629726762336,0.883529427283128,0.9063666913214959,0.8744762727550263,0.8343695728248225,0.9097986460605848,0.8985830630805101,0.9176973938352823,0.923213324442596,0.9943039967430212,0.8779672347233747,0.8641816877935657,0.8866291208833142,0.8910442864434317,0.8824262097457028,0.8748930232407724,0.8538624832126994,0.9598698048156316,0.8389241715394509,0.8214277347162756,0.9528260332643088,0.9892413052163513,0.9737244099550038,0.9121518807307619,0.8911423708563216,0.89230309260749,0.9037111426659623,0.8780072152020862,0.8727434432461492
0.7520964031381555,0.7273321275415646,0.7335154480899088,0.8476982436986317,0.7789176062069717,0.5849464594967488,0.49433679855468865,0.600340975423546,0.5219923290022354,0.9623995682050737,0.6722904850146204,0.7240384932076602,0.9307263093881623,0.7019892337159873,0.8596338540861994,0,0.561271689726167,0.9788799657231184,0.6158012609030381,0.671863584313413,0.6900408914897314,0.6257867387639868,0.6551736179008911,0.6487363261196818,0.6604366424211486,0.9493891786419985,0.6765568970835756,0.998661811064571,0.762096935793235,0.7761177162055457,0.7786521458198309,0.5655405103350498,0.6228964413597902,0.6396592597559431,0.9039719374067262,0.9783548654638539,0.9643967688611265,0.9182402798728478,0.6888267107818704,0.7656727400349599,0.7290971306205394,0.7603373149336258,0.9558912944415374,0.9542774248978088,0.5343776163526881,0.5092794085862054,0.7968731810720986,0.8009293188310644,0.7587929912874362,0.8448811199223704,0.8130529903261803,0.609206541951428,0.6106896922340389,0.7705852037201967,0.847432761840125,0.548243673823097,0.9959388142661353,0.9196118397121809,0.9931799812956368,0.7175289735728794,0.7748349607047059,0.7240916183463528,0.7361913576462339,0.6056137678042142,0.6106430829174493,0.7352200697718316,0.8175856609458438,0.7591199140667056,0.787849127221593,0.9831196367572569,0.6460478800494793,0.6571520726316863,0.6748012155701489,0.7083897598663352,0.8514651882150475,0.8611739002586973,0.7663937598279108,0.9787744072174739,0.7918655949373542,0.7413989432078135,0.9742632702677333,0.989577853795528,0.9780342954791582,0.7379977144493278,0.7414077533776767,0.7502122347895563,0.7391342956557919,0.7188873166274842,0.7419025155251354
0.8325390363661612,0.8061141125305316,0.8025601205704269,0.8985522346972833,0.8205344790721804,0.6606831826803559,0.6309216895382788,0.7135523084452727,0.6544682532451622,0.9724856842849977,0.6665829734926758,0.7120111314512515,0.9395498682304487,0.703570280017837,0.8324306402036972,0.561271689726167,0,0.9821662823606229,0.7129183506487272,0.7748077600187346,0.74624777194464,0.7298975431990944,0.6385930575228161,0.6298622681646676,0.7095778106754287,0.9626486154258608,0.6406962980242651,0.9922613445752295,0.8169263971941865,0.8254432150060671,0.8304398591172018,0.7060270678839546,0.7263246425313352,0.7576252966566152,0.9068837481443903,0.9887606264545598,0.9656108897402744,0.9254382299100288,0.7852028658924165,0.8351230911712271,0.7815439340823128,0.83433958490724,0.9643408722502298,0.9586586311024691,0.646091765135616,0.6662208376847395,0.8611739207956995,0.8461279223135569,0.8181589296178907,0.8876569134088877,0.8459167666369646,0.7386820765431308,0.7238484960148834,0.8272455870930646,0.8554710966704817,0.6729891101517534,0.986644039673808,0.9452136738917144,0.9850733826714486,0.8056544556183314,0.8451743744925692,0.7991284595914684,0.8260488063360646,0.7298578487048047,0.7127919658186996,0.7978548704423838,0.8787791769183454,0.8135618733211002,0.8275997530530529,0.9914819567835534,0.7480827663429481,0.7732097877686434,0.7835645684995819,0.7804230079798685,0.8865798134939643,0.889908234915269,0.7580193851313531,0.969243188430115,0.820900392550573,0.742438473167526,0.976667398555445,0.9895582071172391,0.9753737348848468,0.7977625567121626,0.8169733309321053,0.7973831481668411,0.7813329858681861,0.8105380796134126,0.7671197794845642
0.97475111760469,0.9637878653369528,0.9735260675038796,0.951922858692034,0.9698544327791707,0.984961106934094,0.9845143175073904,0.9733103684635276,0.9834090856895362,0.963610606048486,0.9953776237107833,0.9831734641764723,0.9826583640905824,0.9865187685508053,0.9979210974469033,0.9788799657231184,0.9821662823606229,0,0.9761022555197868,0.9808301798125002,0.9832758806826438,0.9799160537689987,0.9872846990009576,0.984100321709398,0.9811248042978257,0.9783364571749984,0.9839776244612738,0.9995744680851064,0.9724519386874573,0.9741912949038751,0.9755860242189737,0.9831184365813243,0.9769000975684765,0.9796222084657362,0.9922314465627666,0.9779161466016113,0.9359742431345464,0.9439310720167725,0.9799208216654209,0.9665477701416525,0.969840609940473,0.9562419449053857,0.9460527015581176,0.9832986443873767,0.9831854927723817,0.9782413738973061,0.9622862817708813,0.9761095888612698,0.9741548961264117,0.9675778047796273,0.9620062900250222,0.9752049762837849,0.9760544158741827,0.971862833662923,0.9595057946055313,0.9765555610732591,0.9251103704002569,0.9783831347527916,0.9561907689785211,0.9721118887144247,0.9617367297134766,0.9769439757030969,0.9628012506535563,0.9750979602916849,0.9712585489527771,0.9817442544328633,0.9630556187665319,0.9828064310861413,0.9807233966251041,0.8712304182951568,0.9687801696169205,0.9754614104100905,0.9805002778010261,0.9686040034324425,0.96035596870496,0.940699501261209,0.9999756699877134,0.9679123445764924,0.9898786306592816,0.9951874364582248,0.9841080387403571,0.9107999160856304,0.9452361899541156,0.9824006718251772,0.972000784225352,0.979767140775068,0.9693815977603861,0.9875316625596215,0.9969904817692703
0.7490518355306863,0.6397790805353256,0.630255622805576,0.8557245631162839,0.7723001925425348,0.5991583209846872,0.5345451297016095,0.621359109008914,0.5479358850922917,0.9577290250927757,0.768198384555128,0.8119901065789915,0.9678713381465185,0.7805407567954333,0.8570108989725013,0.6158012609030381,0.7129183506487272,0.9761022555197868,0,0.5943425790594394,0.5326317437397585,0.5848640466652176,0.6803555003455679,0.7254751783313441,0.6838667382579506,0.9350667566315343,0.753144355632536,0.9922987357763446,0.7182982040013979,0.6939353826781204,0.7178835850409416,0.562456029309949,0.6171553296073743,0.6414633953076816,0.909988540060368,0.9900852817877606,0.9689084643686612,0.937547170149092,0.5873469812227381,0.72719631105353,0.6116119479162538,0.7922230531184978,0.9642026121268639,0.9524276237178164,0.5749993683524566,0.5964165030980852,0.7972862202192872,0.7292454458517164,0.6439536794914847,0.8639548625559289,0.8288633214649589,0.6398872328703481,0.6356968992314299,0.7676061975607295,0.8819189159396094,0.6563507334109859,0.98909772808493,0.9429215685598434,0.9980771600749678,0.6534226523768422,0.8204460176636442,0.6580047152027535,0.7143741867876656,0.6535557365873796,0.603111312942037,0.6278386520951146,0.7985404185052309,0.6337822874311412,0.6761205244179281,0.9842585834134221,0.6262315461480636,0.7238887754423377,0.6612345397752095,0.7078058898501443,0.8551379710697362,0.8709799344450602,0.817337557336657,0.994451630053686,0.8144773856579031,0.8173756897533031,0.9614165913274882,0.9873696778993273,0.9834118456698007,0.6305876885360171,0.6260630508659072,0.6009171864194812,0.6167732847160764,0.7420199004247574,0.7618480599245929
0.6436693469130987,0.6148976478213587,0.6213330390931575,0.8350925399048786,0.6934639958591178,0.7326535161744432,0.68099216567885,0.6715916098196447,0.6833031697070581,0.9490616908463471,0.8270572896497373,0.8175460216830683,0.9520642001884885,0.815595295897883,0.8767690249055958,0.671863584313413,0.7748077600187346,0.9808301798125002,0.5943425790594394,0,0.702367975160505,0.5860749004724595,0.7992796635296183,0.8180691292110248,0.7857686693555157,0.9272215549837434,0.7950695634382713,0.9741252367090152,0.6322673981989262,0.6329760354283585,0.6534458965601341,0.7094416472950793,0.6913218845667831,0.6652822540057158,0.8890344892094787,0.9873599484286408,0.9496539827503682,0.9068767419999667,0.5790481849099718,0.6299759292526138,0.5711977175119761,0.6690491897268891,0.9394484946561977,0.9515081899294985,0.693445534445022,0.7225337860693701,0.7193162140955179,0.6841039202611673,0.6290522518087871,0.8054951813650146,0.8336759721374075,0.6640378153872231,0.6521566271913636,0.7681465168144535,0.8599321759684688,0.7461999374997935,0.9958356688690395,0.9237667807003409,0.9959992609048383,0.5711203582115885,0.7587625982758952,0.6212953597526237,0.6401362631366068,0.7605914575485482,0.7016274191480039,0.7160035096420595,0.7443349849079052,0.6832404123999413,0.6918150463581285,0.9789641443207335,0.6302148154175795,0.6604865065477414,0.6610256922813099,0.6412076655586852,0.8344307999010043,0.8343255934546006,0.8259907615561193,0.9813961656676297,0.8613215911628758,0.8035244336124411,0.9454684595194023,0.9851253993050475,0.9590281039068891,0.6689054496158938,0.6342055064566271,0.7046349507871021,0.6726287724120971,0.8127018673296984,0.8360348043153008
0.8303768772793436,0.7904054294811154,0.7383123190142771,0.9222981032502882,0.8675282505557645,0.6190869719894723,0.6124482731305592,0.7452263249189863,0.5905097828083707,0.9830035778636285,0.7607380768916671,0.8106305008208807,0.9733923361634081,0.7751411481723379,0.8876077063078442,0.6900408914897314,0.74624777194464,0.9832758806826438,0.5326317437397585,0.702367975160505,0,0.6984228298731884,0.6865494319209942,0.7161797293221592,0.6988578830327946,0.970349166173307,0.7872957760280702,0.9904737559918793,0.7716294689904035,0.7970034540145966,0.796541435978993,0.5630369882589075,0.7563325825018454,0.7652605743603818,0.9182066559266088,0.9950187850112248,0.9867335745372515,0.9486724241923464,0.7353254170214053,0.8370491832364418,0.7663681676720081,0.8564518786588055,0.965423875739893,0.9653385551195651,0.6876105320831613,0.6355423960239717,0.856663769741568,0.8328906686886273,0.7430248148184282,0.9083299657302958,0.8764518932397763,0.7322574950168246,0.7292794077741542,0.766066300277381,0.8943249419132722,0.7525024896705186,0.9991123129387472,0.9492606690980664,0.998433646370171,0.7795354708710701,0.8779878694188977,0.7734367828811965,0.8192606843736047,0.6681047963326406,0.7289083361153033,0.6317518924952804,0.8798799124043111,0.7375339376437935,0.7473465434283748,0.9900907225567025,0.7260324814837412,0.8087233224189823,0.6860168701221034,0.7734788053460238,0.8882789751411909,0.9125917421849482,0.8008641956068707,0.9847555153998729,0.8562839847094987,0.8304162750188857,0.9783280585747217,0.9906731384246354,0.9819714081389518,0.6110949467513136,0.7327719227927049,0.649799975969797,0.7208269627244642,0.7672272746883836,0.6994865159069079
0.6446184519822438,0.5679809670251686,0.5964636258768594,0.8068582742998636,0.7108175562847814,0.6871045449229883,0.6214393192537897,0.6293505912040395,0.6654367163718031,0.9299469066931498,0.8023485193783978,0.7976043376004508,0.9513377139240976,0.8152052431748572,0.8677245061651331,0.6257867387639868,0.7298975431990944,0.9799160537689987,0.5848640466652176,0.5860749004724595,0.6984228298731884,0,0.762407987768273,0.7802352735190606,0.7516666383475742,0.9180680835391466,0.7319837529297978,0.9875213763407762,0.7054538525751748,0.679570784229368,0.7177467815611508,0.7117367676323648,0.6647331906471643,0.6427164785461802,0.892983783018862,0.9808364084375507,0.9463501027981783,0.8963719687206452,0.6046547838766334,0.636400725143466,0.5847839871402224,0.6708319803253572,0.9252643518453927,0.9419123897593681,0.6755126866705675,0.6751430701589587,0.7405590507053265,0.6911625012013785,0.6784034518353371,0.7764970485085322,0.8130397664828848,0.6446312892641656,0.6393595114997641,0.7727886230789619,0.8447099893649729,0.710237867689555,0.9935269956832146,0.8835221835168421,0.9961572089926148,0.6057422294221079,0.7317534196270328,0.6126570481406864,0.6318671346353565,0.7108658130373503,0.6641560985087179,0.7142684691588109,0.7507211055688101,0.6777943453816246,0.7043355237797713,0.976726620582097,0.6878088868968705,0.70465503047389,0.7003745142695951,0.6878082521550694,0.8039292232186622,0.8161322589746897,0.8239992552593202,0.9810631824919904,0.8387984566433034,0.8323355016359828,0.9385262617524678,0.9791924309031333,0.9763774287589305,0.6633585431014112,0.6168641805129587,0.6782618568760121,0.6428667144949318,0.7818753629354973,0.8239233847332611
0.8676687302773631,0.8248821019345884,0.8051510964946438,0.9358499433855133,0.8795946193439721,0.6431421823239978,0.6507709462074331,0.783788270123558,0.6259849785798126,0.9855459072055374,0.5448122011121853,0.7025768859718715,0.9596815466143878,0.6821681508033781,0.8575264403639158,0.6551736179008911,0.6385930575228161,0.9872846990009576,0.6803555003455679,0.7992796635296183,0.6865494319209942,0.762407987768273,0,0.48471630691104833,0.6136940918951098,0.9704555869113619,0.6961406539710902,0.9899972589994966,0.8294053400876911,0.8472493506909338,0.8327444026928066,0.6175276486160208,0.7897754615073141,0.7979795524544074,0.9514709596858801,0.9884051178273096,0.9790980147863991,0.9646853843511772,0.802738306767282,0.830319101125669,0.8077248836920868,0.8780835912884212,0.9742355344102995,0.9594632716037776,0.6813044108449366,0.6270389794812125,0.8765578271715643,0.8622400182976979,0.8399486950026914,0.907003008855482,0.8692936179966942,0.7313135324903466,0.7417339195665432,0.8116386847849569,0.8863245943230449,0.7491236073360278,0.995652257725733,0.9612849332990794,0.9899352115854987,0.8221447748079338,0.8779589307696933,0.8212383265092649,0.8201623064440178,0.6866886453146137,0.7201063027578628,0.7635894201563306,0.890000361267442,0.8164171517605133,0.8248882661374872,0.9881772298097811,0.7336986401776516,0.8022491569258289,0.7151291829838515,0.81263292101725,0.925057119290775,0.9270629973153561,0.7225265927658313,0.9798566398872957,0.856077720077929,0.7501424515267373,0.9886477709465411,0.990650099493372,0.9829300275933146,0.772126980527666,0.8037058262538751,0.780179682971983,0.8002012038309338,0.765453951926413,0.7018725073942265
