RTF091,RTF092,RTF093,RTF094,RTF095,RTF096,RTF097,RTF098,RTF099,RTF100,RTF102,RTF103,RTF105,RTF106,RTF107,RTF108,RTF109,RTF110,RTF111,RTF112,RTF114,RTF115,RTF116,RTF117,RTF118,RTF119,RTF120,RTF151,RTF152,RTF153,RTF155,RTF156,RTF158,RTF160,RTF161,RTF163,RTF164,RTF166,RTF171,RTF172,RTF173,RTF174,RTF176,RTF177,RTF178,RTF179,RTF211,RTF212,RTF213,RTF214,RTF216,RTF218,RTF219,RTF220,RTF221,RTF224,RTF226,RTF227,RTF229,RTF231,RTF232,RTF233,RTF234,RTF238,RTF239,RTF271,RTF272,RTF273,RTF274,RTF275,RTF276,RTF277,RTF278,RTF279,RTF280,RTF281,RTF282,RTF283,RTF284,RTF285,RTF287,RTF289,RTF290,RTF292,RTF293,RTF294,RTF295,RTF299,RTF300
0,0.2286092715231788,0.2983993954798379,0.3156120870749556,0.400945240041221,0.5441557338767885,0.352638700947226,0.3651664714739836,0.4485576247554609,0.5652996639587615,0.8489977347523187,0.8867159793292126,0.8342037846942097,0.8294047635333871,0.9224887035106013,0.4954071676740755,0.6777898056196169,0.8787730461739273,0.44587026709715294,0.31242062759825895,0.5928312600395981,0.41700668284285153,0.7841164044766915,0.8002516472068513,0.7176623752350644,0.8751574233872849,0.8594227757476322,0.9939823088930616,0.4571924768133614,0.17009400049121398,0.2528096825984933,0.5143271630012186,0.3167986754374189,0.3231657242075131,0.8588164405149539,0.9009486378683136,0.8618919645256652,0.8772783681067245,0.29619129505263403,0.24233325934320127,0.28037025520820874,0.2443544847095547,0.8522752304214248,0.8584216295213738,0.656373968049748,0.6545155993431856,0.242681146428297,0.21169097538742024,0.3334923604223425,0.3200843474265789,0.5744048080050806,0.4466517464229135,0.396824655069687,0.708162817889506,0.8061808272958557,0.6478206268641097,0.9045878963828141,0.7402346812025904,0.897232727054445,0.3435296504844519,0.3975988004946865,0.37642033213920795,0.29422116632570006,0.7687771225102926,0.76724163349550345,0.4286379967872077,0.39318558721543795,0.2879684178560583,0.3205349182763744,0.773203125,0.47899950530291147,0.35354884776174406,0.46375157667127154,0.40562004380776123,0.42882305121488573,0.43326426909587584,0.8357713440712121,0.8641650911654436,0.7578334514430225,0.7359963400337403,0.8864485033583469,0.8996567022890316,0.8941033752765157,0.4530607818684596,0.3283238510991043,0.5942434049230165,0.41430383134184223,0.7375280573455941,0.8648540486787373
0.2286092715231788,0,0.413993328666145,0.23037530852806162,0.4357475114514659,0.6016801731087446,0.3078619427049743,0.29999219786221426,0.4687908408489496,0.5022006803090733,0.8572587878529022,0.8999831242616865,0.7778751926693723,0.8468309618512595,0.9101006594932315,0.4746754173205878,0.63697502704228,0.8203330616047514,0.48171611586245733,0.4252925927131127,0.663020347209259,0.41900182840116473,0.8022050051782226,0.8086702623788474,0.7335029048761453,0.819389419715684,0.8624655356566233,0.9959789459416721,0.5982671409055665,0.23005868047033623,0.26586709450135193,0.547066532141159,0.2594240486517909,0.25825889193688306,0.7985248312355986,0.8389106422768979,0.7971913431072445,0.830691419269824,0.32032973412283755,0.21366783016775429,0.2872063287206329,0.21628734343778935,0.8185799186737567,0.8017731421121251,0.6699785752544188,0.6686746987951807,0.18124120281509917,0.22476771725268718,0.39514520479207177,0.2704500241315582,0.5429800535413088,0.40998517550692226,0.3569769206523389,0.7371167883211679,0.7396802456869298,0.5978198358341611,0.84723949057428,0.6794842441405073,0.8358185678810927,0.29770895635865985,0.2701700661672226,0.3611661233778215,0.17423226572289024,0.777805230582974,0.7790968274074292,0.5319863257079142,0.35327642480542304,0.3276529633810339,0.39205834491441877,0.7842943380516236,0.4460050878314023,0.3287070602451234,0.5425944375757721,0.3626180694546859,0.39642567018683994,0.3739546826746244,0.865355368549123,0.7821633214891642,0.7139009593091863,0.743636623339523,0.8258568277999643,0.838163728160651,0.8330758443657452,0.5449018736657311,0.29215183838865383,0.6278294953454189,0.36753746526687825,0.6851079223441456,0.8703634138361427
0.2983993954798379,0.413993328666145,0,0.5675916113923885,0.4741990245479777,0.445739248431753,0.48731206838323493,0.5137312155461021,0.4335034013605442,0.7919806243272336,0.7876167747970307,0.8635461714576443,0.8705088334546417,0.7477423047570593,0.886746113700427,0.5134542204406647,0.6453929158811024,0.9157463130745321,0.38509349907968093,0.3293135435992579,0.4740645161290323,0.3634104137171622,0.6678683955404751,0.6809078352586639,0.6155373415466069,0.9123817086890345,0.791667259761149,0.9940003529204164,0.3879247196709303,0.3241026545550754,0.3283544239596277,0.3881838765731136,0.48951216740121484,0.4814824686487999,0.8930852322005834,0.9417983795988843,0.8885376601940236,0.9065663901531046,0.3751532327160087,0.47800944347180224,0.39757821757903483,0.3611006670287282,0.9034370315828227,0.8781666290358997,0.5347356982069393,0.5813426770940193,0.3946527215143257,0.3708531569514821,0.2355363570914327,0.5612296816003,0.5903086942124435,0.42307414939494903,0.4498912409146374,0.6226338834624453,0.8238041408852927,0.6054526516009239,0.9432997519364147,0.7594609460946095,0.9380523709196378,0.4257330556000641,0.5661204878649747,0.43311276925242853,0.4984699629569979,0.6777397357177216,0.6529872112998664,0.3283343611593878,0.5277181353123424,0.36783872220065444,0.3695146366538607,0.859157044400066,0.4438482071603511,0.5011614250293619,0.3739116149170363,0.5734582025222157,0.6456927022854008,0.6439521209575808,0.7730706410779911,0.9144274414417866,0.7402778227503805,0.7092308979830948,0.9251018744906275,0.9389504117297813,0.9340561172696634,0.32711488282488355,0.3443508962520369,0.46734851138353767,0.3964197074510218,0.6855707699717883,0.7689390794098924
0.3156120870749556,0.23037530852806162,0.5675916113923885,0,0.5037184217996026,0.7151557263140685,0.37097130021459657,0.36111974449934087,0.58071392178678,0.3546153443857539,0.9197038255861786,0.9421452748369794,0.7733396137541215,0.9215364369568333,0.9458175670235891,0.5540503557744937,0.6869359205776173,0.8094971942140445,0.623357762842379,0.5362128188262808,0.7692724514124702,0.5397233380261679,0.8875408481388273,0.8959840134081093,0.8238850265175456,0.8076011095204009,0.9261646018119991,0.9968237383763452,0.7206775026225528,0.3266041662197241,0.3531854312492585,0.6673680929000078,0.3092648323301806,0.33016087298908764,0.7929761759179998,0.8249329728638255,0.7846090787990573,0.8207610771939023,0.45977395840299606,0.18836065390088405,0.41803598029105077,0.35277362719462085,0.8099591800415985,0.7924970107612594,0.7550723156334646,0.7462884649991003,0.26978883750519955,0.23878703014921454,0.5406888107271046,0.20534453743548042,0.5937312163727259,0.4985213858101123,0.40785891158444354,0.8219154620812495,0.7490041314669791,0.6421044746304435,0.8334787056479837,0.6756494519076386,0.821592464374849,0.3981140308348686,0.3501573303305516,0.45225781369649987,0.23984350216770647,0.8534098302478264,0.8606642231610755,0.6536190889778289,0.40063424947145876,0.4601346871837817,0.438144388621165,0.7026301397106349,0.52786862511701,0.37672269929157964,0.6614152387309113,0.39493400730131983,0.2600737367165474,0.23393858626242434,0.9296148921229812,0.7666273120818575,0.7409645723958265,0.809750264952852,0.811896242269043,0.8245283638633104,0.8194542594661135,0.6647855883672171,0.4178962888459648,0.7546815600506875,0.47935848930257474,0.7284958043412931,0.941842505603233
0.400945240041221,0.4357475114514659,0.4741990245479777,0.5037184217996026,0,0.6188982634423779,0.5034818013065728,0.4100250296403636,0.4627386704697844,0.6982117999785844,0.8478084714548803,0.9099691994061468,0.8619225967540575,0.8124077602168138,0.9272367229139017,0.5211333512710427,0.6399190049175586,0.8917964765081439,0.48487507504733757,0.41318427633969607,0.6616442269589818,0.4055419636208914,0.774048986529992,0.7714134041141341,0.7162696444513724,0.8851513309554666,0.47168797547960095,0.9970201577563541,0.5661172028175151,0.3750865280021096,0.497768054450632,0.5406040957968996,0.46961739609138453,0.4644130372079608,0.8699051700556214,0.9102015461071231,0.8769526872931964,0.8851225365984261,0.4344422476943648,0.4181354413217823,0.3966021985773911,0.3916523864875553,0.8903434748893856,0.7397563818477578,0.5671439653925552,0.5252200191471447,0.37283553185870755,0.4285682253887463,0.372336227308603,0.48072378481071315,0.5290017576822837,0.3542626372404935,0.4122756623848151,0.7336798817937443,0.8074045898313681,0.6051154967193539,0.9135797021511307,0.751463998672325,0.9069772931124015,0.36985141177496295,0.4663391086975261,0.3308656311994968,0.4304585566563803,0.6985179786200194,0.6473067983310956,0.5368616393126552,0.4849258943887058,0.40304672763305555,0.44952198405834365,0.8242263890486599,0.4157929693059443,0.45731182308424345,0.41328735740771355,0.4606612141458357,0.5791567135159158,0.5781851303654788,0.8218536086573692,0.8782791185729276,0.7285161571576481,0.6792513623691916,0.8965962138450351,0.9082319673234884,0.9040914884411652,0.5185367103745783,0.37829217383146885,0.5998698998951971,0.4256059323003685,0.6691458192472391,0.7609897968913893
0.5441557338767885,0.6016801731087446,0.445739248431753,0.7151557263140685,0.6188982634423779,0,0.37595064121682076,0.5596792260187746,0.26268711384425575,0.8488064431715756,0.6403724693266166,0.8152068527791938,0.9207611231207025,0.636682755594559,0.8871424080477838,0.5018998635457121,0.6191822395909119,0.953458652815566,0.3910644080455597,0.5236418170383629,0.35297797163192507,0.5048766427050366,0.49825600677012455,0.5109644228849294,0.5596844044004181,0.9547544905240147,0.6790575916230367,0.9966804380378502,0.5810636801385056,0.5273611111111111,0.5510952907979619,0.25703607109486504,0.5598425666408253,0.5930295239674904,0.9346629069469367,0.9735930601652243,0.9538098685285944,0.9471889481507388,0.4909139497594869,0.6250890800739494,0.5048078950697988,0.5838606576717648,0.9297298960823135,0.9147526803396235,0.45446285035297407,0.4486246709367162,0.5925071658903619,0.5580183056189765,0.45827877240665954,0.705117934098405,0.6601966088276044,0.49349933891582193,0.5140410852793241,0.6717200812589067,0.8699060445076078,0.6226759438804608,0.9738547775266579,0.8320498794438485,0.9715195565006718,0.5494349341681654,0.6914724602083882,0.5619152687195128,0.6222783521303258,0.5647548013766298,0.5425774134790529,0.3938022096469954,0.6453282244390126,0.4383812038353411,0.4469905926524106,0.9460841115125077,0.4809627543701185,0.6307657790876735,0.430851795789184,0.6456485056781126,0.7227488626570736,0.7517286593798338,0.6940014712666609,0.9615426398696361,0.7715913598499874,0.6763169565860149,0.9618925373762455,0.9712451342197058,0.9679145507197717,0.40435610637948205,0.45478452039088224,0.43352513954440636,0.44063802418317466,0.595799855460613,0.5504936756150931
0.352638700947226,0.3078619427049743,0.48731206838323493,0.37097130021459657,0.5034818013065728,0.37595064121682076,0,0.2725644594555135,0.21753704843520666,0.5346592153241239,0.7008587070646468,0.8513124969334184,0.7946427505164981,0.7028115245819845,0.8974558495162054,0.34097273700683634,0.5369116567419855,0.8434422085145111,0.39972928688466197,0.48145191183598984,0.5223868175765646,0.43715387715157444,0.5756150547026349,0.57265193052634,0.6113314034106113,0.8462565762849049,0.7093373815989223,0.9964738946008693,0.6093473210781454,0.3237935669894212,0.370990004992609,0.3543310260052998,0.23688422203138418,0.31103923842069936,0.8273145306541361,0.8619934060360132,0.8332190528432986,0.8519461747599546,0.3266767523953606,0.3264762213597349,0.3253086802754855,0.39013207705897196,0.789951579943426,0.7870708872046367,0.47703534777651085,0.4866794110469373,0.33752330810573655,0.3240847249216612,0.4503908987976492,0.344928601320799,0.5908452790335252,0.37100779546092555,0.3376029833503917,0.690061928634621,0.7514279085696609,0.5224287373782504,0.8671319784548912,0.7219728139159419,0.8582886313408523,0.3465889314305604,0.4345890574888708,0.42454540635105764,0.3100901905732582,0.6101822980408016,0.579850211335492,0.49643359081927024,0.39866206301251617,0.33245291324717796,0.4052814039852277,0.8603978461127676,0.39507935350082846,0.368703397888205,0.47583801347465454,0.37333048945224817,0.38145830873962144,0.40814459623832644,0.7435322503990933,0.8178759702243769,0.6702919424815699,0.6286402505118632,0.8518961869872556,0.861992993459901,0.8556696786941934,0.5004890834670794,0.32312612844983235,0.4723219945066554,0.363040602627407,0.5777175612298072,0.6670190385480883
0.3651664714739836,0.29999219786221426,0.5137312155461021,0.36111974449934087,0.4100250296403636,0.5596792260187746,0.2725644594555135,0,0.3719931444702087,0.4885319705542374,0.7988170402066689,0.8786469787412294,0.6860143296862471,0.7596469673795853,0.9024686438587504,0.39261186379019547,0.464045299322474,0.7749878345498783,0.46541962458081093,0.4708799773274763,0.6288891819420633,0.43804077573346595,0.7101078589870424,0.6981708073763372,0.6619744323803745,0.7511495807411415,0.6831376330016184,0.9965796508885045,0.5989665141478294,0.2975281319160874,0.4025653881507479,0.4683628842880841,0.19833015813527385,0.21394453088448104,0.7314774976335944,0.7665364583333333,0.7225024355954568,0.7715206760583901,0.30999083409715855,0.3347712049942557,0.3005637577945884,0.32700352950462896,0.7140889328913951,0.603289118300222,0.5270222058190318,0.5037039454361518,0.2929502684207421,0.35596056296264916,0.4225671918443003,0.2796102931539167,0.5472005391138316,0.28531489623330974,0.2734051546615221,0.698526178649947,0.644526884021783,0.4400394643437248,0.7768507123339105,0.6154035048554526,0.761437908496732,0.2958922369944224,0.28217054263565894,0.30919226393629123,0.2407800219291504,0.6496482090643275,0.6031356125585579,0.5389603028860324,0.297119341563786,0.34200058430905456,0.4399189373747164,0.8365141549557321,0.3122571135033725,0.2432085561497326,0.4269412994639322,0.206449229699485,0.3207681888341716,0.3392147170703402,0.8039288263754858,0.6894749793726387,0.5763009308713566,0.6613978985838282,0.7550005525472427,0.7687921312587442,0.7596500314046126,0.5255450831277052,0.31607557176002654,0.5628760836308007,0.33563670128916623,0.5571564192773776,0.7128848397809892
0.4485576247554609,0.4687908408489496,0.4335034013605442,0.58071392178678,0.4627386704697844,0.26268711384425575,0.21753704843520666,0.3719931444702087,0,0.7404225130064638,0.6437652124162409,0.8215258855585831,0.8584576245822317,0.6468438377384065,0.8876671405690427,0.3515639192553885,0.562773081683823,0.9013016435741181,0.33398796325625596,0.43919184765502045,0.4244453782233237,0.3940652534031162,0.4693768075380166,0.485571853130093,0.5548210767177271,0.9054265355594967,0.6517574370200803,0.9963154564740035,0.5343018385432741,0.3947875571340645,0.48414839455589137,0.19665621734587252,0.4346714110975203,0.4601416015109789,0.8856981864473986,0.9215162166144003,0.8991126198558752,0.9032295281285776,0.3623916067823558,0.48231930370432663,0.38239240818867887,0.4723366139797044,0.8415283432508612,0.8200322614336609,0.3681120842295398,0.35979745767181814,0.4363679939740473,0.44541857238295907,0.36297176686923954,0.5599542479506895,0.5585877398979674,0.35108735923834333,0.3555060337215658,0.6580106113177016,0.8109649526262533,0.5472382791146675,0.923846558917649,0.7784243315739379,0.9182807282128622,0.392602984601808,0.5596693952787744,0.3751404711015138,0.48762107652334924,0.49091994956756396,0.47986815743553285,0.3968644328312327,0.4756033254423265,0.3299150881776617,0.38682468503096307,0.8862106909133028,0.374553639059017,0.492123778096009,0.36678163397283897,0.48522779955325157,0.5908789741394249,0.6224251521974814,0.7001477481149379,0.8901722053120961,0.712890481215185,0.6127376354097206,0.9115857577445478,0.9206081428600819,0.9150581625132187,0.4035380835380835,0.33908070596298834,0.3659821536367727,0.34131372795442166,0.5386413566952739,0.5254038306846098
0.5652996639587615,0.5022006803090733,0.7919806243272336,0.3546153443857539,0.6982117999785844,0.8488064431715756,0.5346592153241239,0.4885319705542374,0.7404225130064638,0,0.9898005948027887,0.9927393954268418,0.37626224566691785,0.987595047767596,0.993018054873725,0.6631581210824526,0.5341386834122719,0.7925991579880346,0.7674364258248179,0.7336986626572762,0.8848530286187017,0.7181464381541734,0.9875563486100676,0.983011583011583,0.916283596040821,0.4439365307264339,0.9876762729112848,0.9976302426180177,0.8876613869293225,0.5799717883926487,0.5748413815614991,0.8207963671530084,0.38506430786436885,0.38393928135449285,0.44771481955786957,0.4448114505917974,0.3685586482305395,0.7435220451160011,0.6486483642524176,0.45463389873524807,0.6052708322082411,0.5791556293210521,0.44517023376950704,0.38726446503043116,0.8592058193651819,0.8453734067730057,0.5387177926091002,0.48450794504119843,0.7429641833487554,0.3375242397766744,0.7362021597802137,0.6879357295397792,0.5971828602850979,0.9806602514795222,0.37699074074074074,0.605624568264041,0.46422896720309637,0.3127938359742295,0.4318787799960981,0.5990617064644326,0.4212362215710897,0.6781968558061154,0.4558942784201832,0.9232053422370617,0.9377319426540099,0.8642228998188166,0.4767792418955997,0.6783726942119791,0.725304000343746,0.8755698578707428,0.6895455436273763,0.4009895822459759,0.7964690062030972,0.3789272842908628,0.2472650843287025,0.21432466442953022,0.9960741044852714,0.44570684075594347,0.6389403711666296,0.8809321658028462,0.4338707591498901,0.4576495664590361,0.4367268858343453,0.8395169101223537,0.6190199120765452,0.8928464928266128,0.6266804332251675,0.8054294207964457,0.9964780259444797
0.8489977347523187,0.8572587878529022,0.7876167747970307,0.9197038255861786,0.8478084714548803,0.6403724693266166,0.7008587070646468,0.7988170402066689,0.6437652124162409,0.9898005948027887,0,0.6446496283556119,0.9346747892437388,0.4017371772661561,0.8458876293392662,0.6655960103966359,0.6685845799769851,0.9922413077752884,0.6873779717468703,0.7918447206782763,0.6833732728292459,0.7438991146456805,0.4535758301754224,0.45877063243211263,0.6022174283850901,0.9803856451981153,0.675364610788965,0.9923729586716541,0.792485102025253,0.8423774157482831,0.8467326851879722,0.6107970692488142,0.8048204820482048,0.8242070116861435,0.948194549075861,0.9915914790879669,0.9744066241678624,0.9780212051412797,0.7991269085943642,0.8504974064179461,0.7920399066015708,0.8339343943680221,0.9805279948790485,0.9607510488548568,0.6057405712408177,0.5765162420980159,0.8774129532744002,0.866940485146703,0.7922506731078192,0.9127438762579984,0.8400500259443062,0.7316721398775184,0.7447374712834853,0.701092779087208,0.8966093031180781,0.6924844335179101,0.994870510444322,0.9642654748029896,0.993333120333983,0.7963646119793414,0.8744373510635168,0.8003767708775712,0.8328605200945627,0.5957807290812701,0.6135760913912689,0.7247561068246682,0.8871815339586243,0.7720145920991747,0.7823851700148848,0.9905265325736253,0.7434130999882329,0.8537045970051215,0.702153505173314,0.8678197447251889,0.9348391650700817,0.9388834476003918,0.5592555825029216,0.9800865563712063,0.7697198706536351,0.6365645329492973,0.9878631265687385,0.9938950560128611,0.9921000380212074,0.7346158709162882,0.7724765202291329,0.7101477575994272,0.7498316951662852,0.6830145076389781,0.5952547253951709
0.8867159793292126,0.8999831242616865,0.8635461714576443,0.9421452748369794,0.9099691994061468,0.8152068527791938,0.8513124969334184,0.8786469787412294,0.8215258855585831,0.9927393954268418,0.6446496283556119,0,0.9213732873130426,0.658642882481123,0.8471475119054505,0.6776332624973576,0.7720841637030268,0.41659300967907376,0.8616855290627403,0.8712996610999959,0.8399447352339453,0.8671708162701304,0.7286111246526593,0.7332346892712043,0.777202694590809,0.9808059743861296,0.8168480339324827,0.9939645869139454,0.8639225960654532,0.8975358718779151,0.8953235969737202,0.8060217391304347,0.8792308580910074,0.8878042888671724,0.9539800725030934,0.9961456759301842,0.9791414865117438,0.49276466108149275,0.889968553116941,0.9123501618689299,0.8908029915150973,0.8965246394299179,0.9824736670648279,0.9793139406579282,0.8036071646095139,0.7982765245073824,0.9196625397695452,0.9148031411934399,0.8877009100905412,0.946562024646723,0.9081739921015995,0.8329135868992257,0.8443652113045761,0.7941919400373116,0.9180717682663208,0.8186657591852113,0.9832716101338271,0.8983505340484024,0.995444855828565,0.888270927060824,0.9337077958150731,0.8900144717800289,0.9093361446156708,0.6746926820267996,0.8149188895676373,0.8784445665110318,0.9306340789643104,0.8987976406533575,0.9006224988883949,0.9921582864403703,0.8586468877516513,0.9051863682472536,0.8292546026044005,0.9094816244189107,0.9526498098577376,0.9562172008500672,0.725899588301342,0.9873111693944233,0.8739878152232591,0.7908446708277801,0.9890693316677077,0.9963641807643775,0.9950398701024278,0.8855277919428863,0.897832195905259,0.8807243939549942,0.8998736163165694,0.8480062231541922,0.7973135207375359
0.8342037846942097,0.7778751926693723,0.8705088334546417,0.7733396137541215,0.8619225967540575,0.9207611231207025,0.7946427505164981,0.6860143296862471,0.8584576245822317,0.37626224566691785,0.9346747892437388,0.9213732873130426,0,0.9162662102560727,0.94177868779489,0.7303900377905761,0.4065102195306586,0.7293427517591496,0.9298756212075451,0.8605945160158404,0.944206959880941,0.865262541098343,0.9269926742220275,0.9205261448522247,0.9051710477666074,0.3067294989308527,0.9487382745408904,0.9761531220583621,0.8559312187754153,0.8748074209292992,0.9194099095576929,0.8911312168165565,0.6283433910842905,0.5668061175502366,0.31100776032231026,0.3197189644331447,0.1929067276563532,0.6609221349836474,0.9100267180231375,0.8419687704739026,0.8820509223539315,0.7739060549089396,0.320797597467601,0.20588463990793587,0.8589342196104877,0.8367956998093984,0.7731814517968761,0.8753761915494451,0.8751596898303574,0.6356920362764286,0.9696319840692376,0.7635451853395039,0.6935193273640533,0.9241563096950688,0.2118279569892473,0.5256976181934457,0.34042663891779396,0.26389754632515444,0.2972858713114061,0.8082352410589456,0.6125661074419899,0.8575285204214926,0.7334096837818922,0.8387746170678337,0.9003189361587113,0.9262598243180767,0.6294247952068746,0.9397073951308721,0.9428069979942055,0.8458125862844557,0.7278655061945397,0.574512067438052,0.8954478790613718,0.5711391018619935,0.659080474847511,0.6299756953821226,0.9127180283878257,0.19035163035881872,0.4563168662172586,0.774634197143006,0.29884735899731424,0.3392615400950283,0.3075304185424187,0.9088655767256704,0.7762208424232254,0.9079184899556634,0.7351119321886547,0.6864729984546241,0.9407922881670137
0.8294047635333871,0.8468309618512595,0.7477423047570593,0.9215364369568333,0.8124077602168138,0.636682755594559,0.7028115245819845,0.7596469673795853,0.6468438377384065,0.987595047767596,0.4017371772661561,0.658642882481123,0.9162662102560727,0,0.7784356583570816,0.5967095947677162,0.5792753565293812,0.9829550693520556,0.6652764126132349,0.7416099221789884,0.685225390227088,0.6796280642434489,0.4524785912435171,0.4094402099212795,0.4868081227528232,0.9746134683063783,0.6100616452915751,0.9940549047036196,0.755680224403927,0.8186860764259271,0.8229053524969057,0.604121873197336,0.7727518585139436,0.8020411684295744,0.9483575448239759,0.9889950001322716,0.9737180579876339,0.9741783282397727,0.7395014243144256,0.8165583557880277,0.7322898723704376,0.794129473260957,0.9683366943404133,0.9444769053290785,0.5574026295054614,0.5658277056162184,0.8634544041526754,0.8513952562571432,0.7644276253547777,0.9110376276700712,0.7606731296872142,0.7027783760499677,0.7186030538384318,0.6429192588132986,0.8737119507284141,0.6299000826384193,0.9921335283142555,0.9596889034943586,0.9896738686210936,0.7363513768252541,0.8479909673302078,0.7395643519946175,0.789606190376285,0.5461870017184551,0.5451234876857493,0.7304214345520513,0.8670434820032421,0.7890275553592137,0.7936580634732475,0.9898970273945988,0.717687354432114,0.8301057939746822,0.653116309504335,0.8269832017381167,0.9089718984735444,0.916030534351145,0.4571148118061197,0.9735744883388863,0.6998292470762589,0.5467306059243718,0.9848509441108045,0.9921840853580152,0.986440769344817,0.7126545684230984,0.7454024231934228,0.6889254676580133,0.7278727320536419,0.6035189169190293,0.5295576684580405
0.9224887035106013,0.9101006594932315,0.886746113700427,0.9458175670235891,0.9272367229139017,0.8871424080477838,0.8974558495162054,0.9024686438587504,0.8876671405690427,0.993018054873725,0.8458876293392662,0.8471475119054505,0.94177868779489,0.7784356583570816,0,0.8770014865151837,0.8344089603197735,0.9975845410628019,0.890960369963294,0.9224286361576801,0.9149767547987793,0.8702773175435261,0.8114255151160126,0.7989123082334478,0.7973023371456986,0.9750829884021147,0.856919540229885,0.9762725893226651,0.911291963377416,0.9273660205245154,0.927925853433884,0.8765316697486334,0.9050997444406301,0.907257062380913,0.9521734724896139,0.9949729072666214,0.987188384134949,0.9754343556428463,0.9178204919367975,0.924387887260243,0.9123092748157038,0.9293355231035554,0.9792296302306241,0.9734388387682072,0.8486007115925867,0.8791868504947625,0.9293494116502966,0.9278431681297484,0.9093144717427454,0.9567729956397472,0.9091468936786814,0.8848285580084547,0.9004173262339905,0.7431110111348554,0.9211442970429111,0.8734363129906305,0.9976272029698234,0.9673243848848087,0.9944757342310265,0.9037185545849444,0.9440615983975595,0.9078528355579646,0.9300274256912016,0.8721573448063922,0.8264023837284622,0.9068056957057966,0.9310069884151775,0.9165987084260871,0.9205444022810625,0.9961351202128194,0.8972237343494829,0.9183190648996531,0.8915987989025944,0.9261860013631013,0.9565234238772427,0.9520216832864743,0.7662305218124473,0.9766692851531814,0.8667352126353068,0.7907371483996121,0.9850214436597179,0.9975160177427304,0.9941860465116279,0.9186768245236242,0.9122144730948877,0.896687732508628,0.9129707112970711,0.8972817564035547,0.8597077244258873
0.4954071676740755,0.4746754173205878,0.5134542204406647,0.5540503557744937,0.5211333512710427,0.5018998635457121,0.34097273700683634,0.39261186379019547,0.3515639192553885,0.6631581210824526,0.6655960103966359,0.6776332624973576,0.7303900377905761,0.5967095947677162,0.8770014865151837,0,0.4479232038676987,0.6872812672683736,0.4708522259459836,0.49061564381297823,0.5970000184955703,0.4051771372061634,0.5883015205435135,0.56708593989676,0.5349917364791702,0.8205128205128205,0.7104720777308863,0.9959788780627914,0.6464065558622198,0.5263262423867949,0.5861525658807212,0.43175538562076515,0.4252482144041749,0.4431259849819227,0.796215529379443,0.8409686998116673,0.8026179813985532,0.7295637319821117,0.45920756622744596,0.507102879233743,0.4751051065236903,0.4423979776092452,0.7569434104887016,0.7787216516075888,0.4620873747918704,0.4698904052457193,0.4592893965430102,0.5370983359228985,0.479611939188938,0.530746407586247,0.534236554551412,0.3775064522533254,0.3753851480006924,0.6955228160734129,0.7109987132282682,0.4123764548011664,0.8332797908519901,0.6053060884268686,0.8358564603511434,0.40450506820172694,0.5123824773610014,0.44755678158684636,0.4653170392276246,0.43354364725839323,0.5701718731854605,0.5770818453641943,0.4187517048131525,0.51090749913051825,0.5382881560874823,0.8531429011790695,0.43247912124569615,0.45943178327208184,0.46651957818820206,0.46840832571646746,0.5199830406355299,0.5534413557306377,0.6990933104876134,0.7754915553314847,0.5841698048613488,0.5827559010759957,0.8257519527798395,0.8423881808039487,0.8332863518910031,0.5637108273562553,0.3814768136256022,0.5587046494179151,0.4005539784155298,0.5377007768933797,0.6648107570913706
0.6777898056196169,0.63697502704228,0.6453929158811024,0.6869359205776173,0.6399190049175586,0.6191822395909119,0.5369116567419855,0.464045299322474,0.562773081683823,0.5341386834122719,0.6685845799769851,0.7720841637030268,0.4065102195306586,0.5792753565293812,0.8344089603197735,0.4479232038676987,0,0.7589741253644315,0.6125124746205994,0.6142184827527595,0.6768734300225526,0.5618228128752986,0.6049808869967654,0.5744977935849305,0.5581735365236462,0.5321452175300257,0.6694479479965072,0.9938967644194351,0.6405861210948299,0.66275006551935,0.7261856394601895,0.5706556875021267,0.4251012145748988,0.4295735900962861,0.5092241310970431,0.555895900243448,0.4655203998848499,0.6930553706275084,0.6289003951492029,0.6684893663169671,0.598014482597524,0.5928773775799272,0.5280827583081229,0.43126732622904956,0.48523845571536717,0.501592904127799,0.6160223753870743,0.6904926360820838,0.6111594185149352,0.5302052043411709,0.7022881266807891,0.5314217032967034,0.4704962385415359,0.7209277732736438,0.38840561465349027,0.2838895545980675,0.5702899742366935,0.4536697949907563,0.5435712862117074,0.5414698097805922,0.4788429203302882,0.5676474475268223,0.5378174773999139,0.5676177836761779,0.5547027150876389,0.6461323024260631,0.5118262702517219,0.6832568453757397,0.6934526919549038,0.8567041445648588,0.48961487258632674,0.4180541015163284,0.62149987682851,0.4137453505007153,0.5687534503698797,0.5615362859890265,0.6275236337508278,0.3860842026825633,0.37435952899187497,0.5004447656640907,0.5344604593174324,0.5643893355337251,0.5438873658287254,0.6146343016653045,0.537271530584905,0.5801766014980019,0.485440756785028,0.5010133383607485,0.6436698594617635
0.8787730461739273,0.8203330616047514,0.9157463130745321,0.8094971942140445,0.8917964765081439,0.953458652815566,0.8434422085145111,0.7749878345498783,0.9013016435741181,0.7925991579880346,0.9922413077752884,0.41659300967907376,0.7293427517591496,0.9829550693520556,0.9975845410628019,0.6872812672683736,0.7589741253644315,0,0.9585658276038411,0.9023054481879746,0.9678605226759845,0.9012416602472876,0.9866644736009716,0.977037259067155,0.9657817929117443,0.787910946531792,0.9851093978912986,0.9975331220891904,0.9009629920603744,0.9010108881529104,0.9420810343138856,0.9333595549811766,0.7742712129099427,0.7700833541529446,0.7899437830316768,0.7884295274654347,0.7553081305023304,0.18098599524366765,0.9296177125756587,0.8647092753655972,0.9037923135657928,0.8273764617125613,0.777648049396576,0.7647251308900523,0.9200888475644403,0.8969573115349682,0.8061948433985119,0.8891808346213292,0.8982672697069273,0.7685703535635696,0.9682096795737545,0.832600723704981,0.7691620389744054,0.9763708388352214,0.7505887630368958,0.7483599111828825,0.780752556148338,0.6992570648814452,0.7829181907913836,0.8418307375844842,0.7839071673514455,0.8832375581492189,0.7785956602445113,0.7947265928341876,0.9534890304317056,0.941471393521317,0.7474519510774607,0.9462094074813553,0.9485191787911899,0.862597337352424,0.7927163677522492,0.7678330414607757,0.9330506012897228,0.7666027916047758,0.7727272727272727,0.7667828679676729,0.9998607184144185,0.7135849403685195,0.750036771096581,0.8751614765137564,0.7842361006913586,0.7917325053315506,0.7809026259464684,0.9332666912190246,0.8130877788163072,0.9244513958007489,0.7771519336705381,0.793361809397101,0.9978892810656785
0.44587026709715294,0.48171611586245733,0.38509349907968093,0.623357762842379,0.48487507504733757,0.3910644080455597,0.39972928688466197,0.46541962458081093,0.33398796325625596,0.7674364258248179,0.6873779717468703,0.8616855290627403,0.9298756212075451,0.6652764126132349,0.890960369963294,0.4708522259459836,0.6125124746205994,0.9585658276038411,0,0.3120507220254882,0.2983480528989155,0.3273301737756714,0.48817692523531364,0.5593545504717353,0.47839986539351365,0.9600886917960089,0.7019227278777392,0.9962493533367822,0.5293962436134232,0.4059697263602977,0.4164548084509512,0.3421690019693506,0.4751520578311148,0.5014812357738456,0.9410541542356026,0.980360401459854,0.962954744220653,0.9584745521346587,0.2712027647158801,0.4820586426081608,0.28169030498677267,0.43839146803482143,0.948283659716883,0.9292356485886457,0.39589870451142506,0.4485700236709396,0.47338523824353784,0.43790370098611436,0.3227761485826002,0.6185401258670586,0.47513034098399953,0.45484135433109407,0.44918324106349533,0.6514712340799297,0.8751350129361232,0.5943942110818613,0.9804380648125861,0.8259663964281518,0.9785222965701184,0.37009661776138003,0.56092347156904665,0.36243107168544714,0.47310084096791866,0.5513048921417566,0.47528527970979306,0.3544627289880341,0.5554930610747693,0.31571100646046807,0.34402298584238944,0.9579941510843282,0.4434569991065971,0.5370703212761178,0.3727321675211274,0.5155661131541079,0.6532719239287328,0.6647851708021946,0.6681561419779108,0.9715183505409966,0.7818113166837478,0.653538504193526,0.9687478200209279,0.9776783727244402,0.9746844246618215,0.31013516376424727,0.28620248750435895,0.3119799438906464,0.2921327917583789,0.6316030803597672,0.5762924109252434
0.31242062759825895,0.4252925927131127,0.3293135435992579,0.5362128188262808,0.41318427633969607,0.5236418170383629,0.48145191183598984,0.4708799773274763,0.43919184765502045,0.7336986626572762,0.7918447206782763,0.8712996610999959,0.8605945160158404,0.7416099221789884,0.9224286361576801,0.49061564381297823,0.6142184827527595,0.9023054481879746,0.3120507220254882,0,0.4136586960823962,0.28402923511107897,0.6628631677600749,0.7242583317279907,0.610108211005072,0.8966269402206557,0.7880062948536223,0.992164360964271,0.44227959084266927,0.33030784971180244,0.38366765095204153,0.49517354261971713,0.47376967654849744,0.47118593784766,0.8800528069403407,0.9200921444723884,0.8815983150437394,0.893861266219598,0.34115472276780556,0.4034621068186616,0.2649712702536626,0.3267511381712468,0.9003333403216001,0.8661910257755394,0.5028355161833356,0.5220702731904706,0.3899735179814053,0.394074486857992,0.328490663783589,0.5225566308624907,0.4697565873381998,0.4363363668143938,0.39685454929280134,0.7071651090342679,0.8211744594344853,0.5788846436958884,0.9227093415755012,0.7748088286409455,0.9171336463359224,0.32580260242059206,0.48868814294526136,0.27007767720804654,0.40630215568503214,0.6345055872747872,0.6387564470658542,0.43827459974418914,0.5032398381771261,0.4021078409935715,0.4005232233992366,0.827467042109305,0.4693660211688509,0.495196615750099,0.4066761917132095,0.4792204494477126,0.620779646099211,0.6203316027466086,0.7504352278545827,0.8916667831239431,0.7342621131796326,0.6407338567942444,0.9066520373477905,0.9183863171593233,0.9138213998390989,0.3138380788886916,0.30334251053944766,0.4456729020381618,0.3411433138434358,0.662359117042898,0.7188926005982402
0.5928312600395981,0.663020347209259,0.4740645161290323,0.7692724514124702,0.6616442269589818,0.35297797163192507,0.5223868175765646,0.6288891819420633,0.4244453782233237,0.8848530286187017,0.6833732728292459,0.8399447352339453,0.944206959880941,0.685225390227088,0.9149767547987793,0.5970000184955703,0.6768734300225526,0.9678605226759845,0.2983480528989155,0.4136586960823962,0,0.4725375788107622,0.5260550111158743,0.5963797026621634,0.5660373310448401,0.9685741856781312,0.750650443832262,0.9956071632524564,0.5332402473427749,0.5493384009009009,0.5502178389317497,0.37308965579792297,0.6443539716949541,0.6667825259768769,0.9479658299287067,0.9858917148045738,0.9720028423510304,0.9605922945124731,0.4860016703584008,0.6573158168242362,0.4719797972295465,0.592373376562176,0.9534550727264489,0.9448404582729385,0.4817538954065609,0.4596982167352538,0.6619166927654244,0.5939025480554314,0.4465833180709652,0.7680611505179992,0.6248124626335323,0.5799814714737899,0.6070637359030696,0.715246238550732,0.9004954542320459,0.6592197664471721,0.9856137966338049,0.8624066684733345,0.9842622340177865,0.55734296982767,0.7137908038212037,0.518671490016236,0.6429465776293823,0.5598868280414964,0.5753046127067015,0.4001079146905972,0.7164323052292498,0.516026875910351,0.5213972185002079,0.9623550401427297,0.5518514709869214,0.703122041813543,0.45447430940513345,0.6801841718206152,0.7863267588631078,0.8027569852375479,0.7130024605929062,0.9785212244520485,0.8181912822594918,0.7113233229826875,0.9755539287005032,0.9834658984154819,0.9809932329992974,0.32202398865053095,0.4848190047345063,0.398614502299699,0.4612455583929334,0.6204794494932495,0.5689307267078997
0.41700668284285153,0.41900182840116473,0.3634104137171622,0.5397233380261679,0.4055419636208914,0.5048766427050366,0.43715387715157444,0.43804077573346595,0.3940652534031162,0.7181464381541734,0.7438991146456805,0.8671708162701304,0.865262541098343,0.6796280642434489,0.8702773175435261,0.4051771372061634,0.5618228128752986,0.9012416602472876,0.3273301737756714,0.28402923511107897,0.4725375788107622,0,0.6323393331542342,0.6445021484435377,0.5481932738045564,0.8964999150781934,0.7288002358258819,0.9937692923287984,0.5351099007975102,0.4223671275152752,0.462731052447027,0.42778427550357373,0.4501141281977723,0.4369861752364416,0.8771210627367547,0.920840106979915,0.8868491680085883,0.8928978270821578,0.33770542998789865,0.3984708439161059,0.24196604975605823,0.37585340055222055,0.8981827622014538,0.8724433040150695,0.4161557162734515,0.46421197974883294,0.4063684279304787,0.4413648227130944,0.3153217104889545,0.5372925256369595,0.3562084417461694,0.37635631906028244,0.39401953339792095,0.6171876716240856,0.8053299715617579,0.5148819705781731,0.9232980824520614,0.7383116706916669,0.9165226781857452,0.24387897238536985,0.49186912702663227,0.23664185736503,0.408712042397464,0.5907797064240665,0.5605220506696238,0.457986562335831,0.4763643596993507,0.39906989467925047,0.4166866906955013,0.8560331434489902,0.42077541268462204,0.48337971552257264,0.41204916925570717,0.49071666797972635,0.5974191271911585,0.5892352743009666,0.6884307754091229,0.8836820240981973,0.711021162672106,0.5829806853172186,0.9045385089671072,0.9184849102773246,0.9125916625482522,0.4003855421686747,0.3238817570283815,0.43300949406448225,0.32147418354314905,0.6357415377931053,0.6854622904265196
0.7841164044766915,0.8022050051782226,0.6678683955404751,0.8875408481388273,0.774048986529992,0.49825600677012455,0.5756150547026349,0.7101078589870424,0.4693768075380166,0.9875563486100676,0.4535758301754224,0.7286111246526593,0.9269926742220275,0.4524785912435171,0.8114255151160126,0.5883015205435135,0.6049808869967654,0.9866644736009716,0.48817692523531364,0.6628631677600749,0.5260550111158743,0.6323393331542342,0,0.22727272727272727,0.38403810073603695,0.9768569511438591,0.5815159123295107,0.9929475877544478,0.6864015049717818,0.7496769518748868,0.7551823859632069,0.4198700186407376,0.7182004139483654,0.7549860454446979,0.9507607192254495,0.9937501587866162,0.9815228156272634,0.9753463035019455,0.6920690568369547,0.7793423656568732,0.6616221421228643,0.7828103610967133,0.9740583247364316,0.9253438676342193,0.3899803970698778,0.39692448815787795,0.7874560062818122,0.7813584225407761,0.6818418813973272,0.8561151079136691,0.7684720539885793,0.6162440733869305,0.6364236058253413,0.5938457689661643,0.8758349371674403,0.6360531036957302,0.9946630440056281,0.9579787792835381,0.9929697096411677,0.6920771887962488,0.8187276896527269,0.6848862507050576,0.7583809670940831,0.4220255282402785,0.4072157350845875,0.5761433538379246,0.8471720653054499,0.6551167346074435,0.6722167640519158,0.9879481943710643,0.6049664958612534,0.7870400439659264,0.5707672995449553,0.7580275812935728,0.8978716121223976,0.9121621621621622,0.511156121399177,0.9799442896935933,0.7171078867449922,0.5691786567896545,0.9862690131339874,0.9935483870967742,0.9898594026877756,0.5978278678931723,0.6645733859248495,0.5436255965350836,0.618438999747411,0.5352247789006137,0.4200290659268067
