RTF001,RTF002,RTF003,RTF004,RTF005,RTF006,RTF007,RTF008,RTF009,RTF010,RTF011,RTF012,RTF013,RTF014,RTF015,RTF016,RTF017,RTF018,RTF019,RTF020,RTF021,RTF022,RTF023,RTF024,RTF025,RTF026,RTF027,RTF028,RTF029,RTF030,RTF031,RTF032,RTF033,RTF034,RTF035,RTF036,RTF037,RTF038,RTF039,RTF040,RTF041,RTF042,RTF043,RTF044,RTF045,RTF046,RTF047,RTF048,RTF049,RTF050,RTF051,RTF052,RTF053,RTF054,RTF055,RTF056,RTF057,RTF058,RTF059,RTF060,RTF241,RTF242,RTF243,RTF244,RTF246,RTF247,RTF249,RTF250,RTF252,RTF253,RTF254,RTF255,RTF256,RTF257,RTF258,RTF259,RTF260,RTF261,RTF262,RTF263,RTF265,RTF266,RTF267,RTF268,RTF269,RTF270,RTF271,RTF272,RTF273,RTF274,RTF275,RTF276,RTF277,RTF278,RTF279,RTF280,RTF281,RTF282,RTF283,RTF284,RTF285,RTF287,RTF289,RTF290,RTF292,RTF293,RTF294,RTF295,RTF299,RTF300,RTF301
0,0.20411347192978266,0.13727094206623866,0.15005612410212185,0.13650862318013032,0.22128157214822733,0.2496006706508207,0.27505246903714897,0.21212119233955362,0.5297804934420536,0.3306528178548454,0.3216044713558472,0.3047775217836191,0.28738715296323625,0.274943087100609,0.37351317917375293,0.2938662958620968,0.2572133516553178,0.2768802920352226,0.2791774625020637,0.23386613786391794,0.2746201037589603,0.32850581667803025,0.43365432863298053,0.33546213068369485,0.4012705264016711,0.3042508280720758,0.26081462407614503,0.3249764458743827,0.3508527657704506,0.5533695161657772,0.22172630678709704,0.2682279052938188,0.3692120444339244,0.29637624272890045,0.3818974945807454,0.6173482746986041,0.4084251476653808,0.5327770403717891,0.3913341613479418,0.3191849332719119,0.47347320392836617,0.27293240392386525,0.3054310003865833,0.3059752071695285,0.2889234621581323,0.28087378505944,0.27443722713233887,0.31531612199826586,0.45426380160850255,0.3441817342420801,0.5192520716536893,0.2577265652225073,0.4456904747611734,0.5302236306133554,0.3665768245512658,0.29734559404329025,0.2753455530151549,0.29227979209816796,0.23115793316087813,0.5226838479653904,0.44259711848029343,0.6441788427334134,0.5849421060537844,0.4027747440595047,0.41488708479304504,0.4349757840118416,0.3552917987303707,0.40852333657826706,0.3164243948623621,0.44513060529952825,0.322127952803155,0.39907995880261277,0.403325608625491,0.46082520013148864,0.38488644536996053,0.5025136972872324,0.5090638005159565,0.2762125244898466,0.44702086918183315,0.67829925215234,0.4011476223469795,0.536140252786371,0.5060232292786638,0.5522272598213046,0.5004336464451766,0.5411324839655853,0.4530398358457963,0.40644377051891434,0.43125365377023994,0.743699595815985,0.5110608599647284,0.4286109280651747,0.5540675765904025,0.4458275435880222,0.40882667685091084,0.3948205574293569,0.7134775329789678,0.7666613592758186,0.6687200075851506,0.6882163059776293,0.7617910327128724,0.7628023154739079,0.7531257425348712,0.5481470421179432,0.41326713437956003,0.5908577897629216,0.4607739569866276,0.6677529184322213,0.7413157579303907,0.448340628410737
0.20411347192978266,0,0.26015505290485635,0.26885158319877933,0.26622899032482233,0.3110930830166875,0.2553360105401179,0.3547481587508082,0.26966464926414424,0.602028123639259,0.2632225861471118,0.42498010832923727,0.40058791857900683,0.3844296047298368,0.30095419489074937,0.29893955029126384,0.387139836792256,0.30400989177796073,0.2663539403815043,0.37208046752533047,0.3486711314875691,0.39123300991177334,0.437859040918533,0.5417042107984056,0.4379743509628201,0.47652487066809573,0.3818358582149717,0.32281293043863973,0.4012721449061789,0.2811569326854957,0.6349049093405906,0.341756274248484,0.37151113239709355,0.4669758375181366,0.40522898430366144,0.4595320208609157,0.6761956203324866,0.4855426138654045,0.6006429103466406,0.4241124463457958,0.4060340245844476,0.555021907089949,0.3335473640963269,0.38902582913004846,0.37187514425116114,0.35048718772321197,0.3514521031829697,0.35356844136478394,0.4049362915231523,0.36545405046825435,0.42387904347657546,0.5881908565400935,0.3786604787655752,0.5295820198781284,0.598077799438067,0.45891171182634327,0.38890714146760386,0.36720382456654266,0.302621276628584,0.3085136776456325,0.554882105688146,0.4569422313913233,0.6761278790711344,0.6218550468596513,0.4216564329486471,0.43314569384075235,0.46028039851409147,0.38155533932755425,0.4463028320159465,0.3539606465604139,0.49967485028079817,0.350400917520325,0.42405085962242767,0.4341303516070882,0.4921387118380883,0.38082038004622476,0.5409602826172807,0.5539439655411038,0.3082916231521867,0.49775264350763304,0.6902752328214272,0.4263806932181256,0.5659608100382997,0.5345435132943769,0.587072569440128,0.5266355685879063,0.5878512251844423,0.4669864510993337,0.45739115937905594,0.4970624616899981,0.7422971651011853,0.5388443346271018,0.41999198296786555,0.5818892595389414,0.40840898239890183,0.3409384633099644,0.32949940391792776,0.7405142758184782,0.7615292596431477,0.6662072231564985,0.7003393667307095,0.7608901553335536,0.7604544886024974,0.7531178243859119,0.5846597926346192,0.4549941731078561,0.6260702878680405,0.5003329983485111,0.6869682491110366,0.7523683321352005,0.475885539153162
0.13727094206623866,0.26015505290485635,0,0.09051528730963913,0.0838353853971944,0.21786621107402504,0.3058834594560754,0.27115343537903225,0.23098920111647436,0.48597754727576975,0.37287445586206913,0.28395941525252405,0.30493902930950384,0.29347504609174085,0.3107813918970414,0.4280768771478783,0.26701980622738236,0.27990201428379186,0.31007003981036496,0.2750685532646323,0.21239538564341182,0.23300324968099487,0.25623436092716745,0.3711667968812187,0.27034793513516053,0.3470820668527453,0.25031685049637303,0.2731345001401601,0.2688505699332075,0.414645686698261,0.49690257020588896,0.21869674495109143,0.23963221873770402,0.31588556144290075,0.2382643894626347,0.34508362150158123,0.571100987975015,0.3590190559906727,0.4857572671786011,0.38242333859049166,0.322303879578607,0.4351967675324534,0.2819705895212684,0.3146788122816185,0.3232010535864439,0.29941385369238893,0.28771756810186083,0.28457462774755293,0.27765548843859156,0.5154904204881489,0.2911455047747354,0.4630176473214391,0.2372980023094927,0.3996233995475058,0.4863610503584919,0.32882174509453055,0.29539811723213033,0.25653277887014875,0.3550576326363553,0.23681512873956403,0.48170917397942714,0.4101755077379814,0.6047397712710939,0.5376621652735519,0.37104200435993395,0.363919284223213,0.3863013973436884,0.32588702657449053,0.36126070686504574,0.29593133399975513,0.38364840789087035,0.3165931850867712,0.35365070735767307,0.3654984930160118,0.42534082423628167,0.38562330065754824,0.4558337420540503,0.47841238553441434,0.27154645271869104,0.3963787217154596,0.6819413147612312,0.3695068974952925,0.4947520409854795,0.46068896860337516,0.5123072020777516,0.45731030440862,0.4950138138641706,0.44884216043124986,0.36157536362066095,0.38646476528307255,0.7471745093832812,0.4740844156686186,0.42260987329127225,0.5142054798363097,0.43038116970274864,0.4589729547016389,0.4460738166072328,0.6914252133913248,0.7695522572860236,0.6512643095201497,0.6644195684107839,0.7698880564593934,0.7699230383857844,0.76703752947831,0.5064605550109218,0.3843900645008588,0.5427926315336726,0.41057116298372975,0.6398504550399147,0.7155508721109021,0.40055523269107696
0.15005612410212185,0.26885158319877933,0.09051528730963913,0,0.0971117212559524,0.2385640169372531,0.3227548913688986,0.28023873134373517,0.24852497696792689,0.4867281790272012,0.39749755663714403,0.3057649648201499,0.32765188144288987,0.31254077250760526,0.3317672160709129,0.4489500315622421,0.2854168052986578,0.30251677514674685,0.34385452117648013,0.29974991179265287,0.24237796739857004,0.269520699784543,0.2907209567599219,0.39701371540365193,0.2910420822235422,0.3470074900347536,0.2586488787401826,0.2985091729761804,0.2766301504342359,0.43137883435061125,0.5109200732725492,0.2381320440601583,0.2679688424817019,0.3307248833366998,0.2644664792217188,0.3760899841359707,0.5732081957368773,0.368932783107791,0.49326587927220084,0.37228669373975537,0.3440983441154556,0.44208799816394395,0.30771840406435763,0.338864623866405,0.34207533993935113,0.3221731949976606,0.3064874666870244,0.3034331849592058,0.2918327953429759,0.5266376611246731,0.309599673157531,0.4726570493828351,0.2614962594396665,0.4092217973897329,0.4941327139614099,0.3385399190145301,0.30094725068036887,0.2731259018795467,0.35998333486184697,0.24556033586745946,0.47607963774026074,0.4024304521015668,0.5904862806333018,0.5266093013352539,0.37395952215877526,0.3712647349483932,0.38465896141742445,0.3446887215635276,0.36613619482152887,0.30866812852146935,0.37197624276049357,0.3187506339099063,0.3556527197273125,0.36581098094162845,0.4162286677890641,0.38357684835996453,0.452176672791137,0.46809855416454615,0.30688159977170243,0.39160133109906803,0.6953439023913603,0.3856676144458827,0.48774001437306364,0.46467119409685465,0.5040765911912317,0.45208072252901815,0.5090993135924,0.4668242335774062,0.3813282233740973,0.41408290427011546,0.7552373620931964,0.4829577692219805,0.44322131104815077,0.5031922285509842,0.4342601128430082,0.48200628402479456,0.46745295175091717,0.6868775995682977,0.7769850685388875,0.6515080793397244,0.6593911126583306,0.7784870291066452,0.7764690356166286,0.7720916323073187,0.49657048324459013,0.3895651891239851,0.5349481335048221,0.41963610269449564,0.6376764304759684,0.7065462076185064,0.3950273501052645
0.13650862318013032,0.26622899032482233,0.0838353853971944,0.0971117212559524,0,0.22111643292118438,0.3201738480800596,0.2580843127317705,0.24376484463924736,0.47382968688730076,0.3899025333963732,0.28026312598026787,0.3093399266113945,0.2851284709720472,0.3248619072115682,0.4465948978646157,0.2540914716365925,0.28563072270067347,0.334822486497682,0.2741501918924988,0.21707215376599381,0.2447285265561515,0.2710314653961385,0.3730431239203212,0.2669619344917847,0.327611424595475,0.24890173106292615,0.2646970001851976,0.25424650097576407,0.41773987973911036,0.4877097633562667,0.21059413166210098,0.2288314114502488,0.3025883309209512,0.2526956816747933,0.34753605083140116,0.5644426705777715,0.3477924735817023,0.47563033216334444,0.39314654216671885,0.31096447589459875,0.4234752264050092,0.27463591489943134,0.30704615638659016,0.31416495838763514,0.2870863782844057,0.27499503155221067,0.2700814963753368,0.2705484464220847,0.5202066509497912,0.27749695117379497,0.4545504749346079,0.24768459939825307,0.3912105188449785,0.47562116546055383,0.30544132994273615,0.27872996128953775,0.23665899715927566,0.34378049661123605,0.22919976738416087,0.4887279590567393,0.42281920873076756,0.6013948183120991,0.5413068208677765,0.36302494276185426,0.36403783578160465,0.38241317186720164,0.3220216980624632,0.36727473658414606,0.31226099637985494,0.38574628201912714,0.33126123430105275,0.36130310182517167,0.37070228690703777,0.43591933302307095,0.38040128636098464,0.45738167549788633,0.4761525621438471,0.282952669556355,0.4008242814849286,0.6895555733716393,0.37031855563489763,0.49415172924944983,0.45723856751518194,0.5127933973689601,0.45685062613022,0.5079906006697701,0.4672190061937697,0.3836125464708952,0.41261187274723493,0.7638836876982869,0.502532924095834,0.4420401912410925,0.5179738705015081,0.44776326310184583,0.46367552066369633,0.46040370841187955,0.6817918482239066,0.7833194154444069,0.6592560350929565,0.6744136701266051,0.7809215671653335,0.7809316023080146,0.7755218633577544,0.5083542735166253,0.4009076210276842,0.5489233424653814,0.43215145307084757,0.6549020286982572,0.7179150051514435,0.39597271039411913
0.22128157214822733,0.3110930830166875,0.21786621107402504,0.2385640169372531,0.22111643292118438,0,0.22508841867953627,0.1418850258462211,0.14081457116520568,0.48957805236865715,0.3081044924045703,0.26459398722912164,0.26437078533147046,0.2423709521677324,0.20137837536409853,0.34769402008101913,0.2421701840752272,0.20093402025747836,0.250817178092862,0.23616780593343512,0.25008282687767097,0.2628176024354712,0.2882729095618231,0.4055985588432615,0.30905832015269874,0.3727308780493626,0.2856570752732539,0.22981529584608315,0.30025378120610824,0.3425438426483053,0.5177905250088929,0.19728811103958693,0.23208759005581844,0.3333507864229937,0.2373485959615103,0.3555911808642356,0.5772699513860478,0.379097077568415,0.4910046031605667,0.39087480418694687,0.25978771719535854,0.4064267630168262,0.21487731187152945,0.26043001706161295,0.2534241596892578,0.2435945456606146,0.24987014883805267,0.23084240943116502,0.2904186958787418,0.46725385262934777,0.3116317521528049,0.49082174897569714,0.23480278094519533,0.4196785599932859,0.495150747881442,0.3195151464277043,0.27629152725708966,0.25316338549822437,0.31197924072865185,0.23641904417960913,0.5340811273555909,0.46498938498945286,0.6384854830707963,0.5830412439291742,0.4163399034028506,0.4014770494796619,0.4144297689217863,0.346012494603725,0.4231464836775526,0.33167830930814046,0.4395853930978415,0.32666820098844895,0.39235145354074713,0.40454346664815577,0.45324334300146674,0.3684217844069705,0.4910692497103094,0.5417812415073113,0.30092057340711237,0.4379214452795486,0.6935099164016556,0.39736895509788256,0.5267280541254444,0.48691282618742476,0.5424553950924632,0.4923536186156603,0.5210044537188848,0.4033335232609014,0.39988265892601826,0.3939472242579729,0.7331869737984509,0.49870847276986585,0.4077582361138433,0.5328358653760846,0.44698319013615456,0.39898028655931705,0.38961371537224676,0.7218380669739257,0.7526595558694729,0.6587218017504527,0.6894249521536866,0.7570974381489595,0.7588466898578071,0.7644764102189914,0.5373041570778067,0.4111345804727166,0.5858423165838496,0.45157132717469833,0.6549624166438434,0.7393257298855477,0.4379608105612488
0.2496006706508207,0.2553360105401179,0.3058834594560754,0.3227548913688986,0.3201738480800596,0.22508841867953627,0,0.3113428811943799,0.13721448717216972,0.6228512867370591,0.20088942817887115,0.3505790069839343,0.32353070133073875,0.3154440570730452,0.16208440528441492,0.21610994104801534,0.3792002705335443,0.24669538085316467,0.1628637356002415,0.3328126898549239,0.2780430919411246,0.31253836108415434,0.3893915200967238,0.5129352616574772,0.4171278180156044,0.5050580966905803,0.4056275486499604,0.30940768202171715,0.4219608734470333,0.23974091468759506,0.6060984756665415,0.2556003306903489,0.29667722090150633,0.4208943624518782,0.3024831989363225,0.40497900491627453,0.6781482983235293,0.49852191518800265,0.6027244597993907,0.44882141417770427,0.29765538844669864,0.5325890464338037,0.24689827186317026,0.3070437538891061,0.25341488112327964,0.3187545008614447,0.338233957691501,0.3199644631927672,0.4110936538613696,0.32987923821867077,0.44958596114788024,0.5934655854038817,0.2945639133622809,0.5179849468379087,0.5786884789327985,0.4381148990649293,0.34892110171407575,0.3588400260898252,0.2690545429028893,0.30237384982465065,0.5874005010743465,0.4999028958034376,0.711535835479891,0.6537635249063655,0.4602199997996956,0.46853053177138637,0.49063693526526914,0.40735844790524584,0.47404896223179616,0.37337519527588925,0.5226916382766559,0.37678111885320176,0.4589758409738762,0.4626323570974354,0.5014520390794389,0.41718792862833814,0.56382553978564,0.5955097167521582,0.34732845737754636,0.5220118514774058,0.6644766054220138,0.4552564539024109,0.5974867662458357,0.5672682120994242,0.614946403039174,0.5621558062804873,0.6175901632763914,0.42464890293895335,0.48439447834415855,0.48507094612417756,0.7042984132709347,0.5648492528543886,0.4600499662737369,0.623550452941168,0.4744984856576199,0.3556158320969263,0.32735068114639976,0.7764778364549296,0.7216383047850755,0.700622367877516,0.7303477348863403,0.7211768590573424,0.7277335976450937,0.7316252863144553,0.6228489624299469,0.4905221582116952,0.6588708716817638,0.5280531455471096,0.7116880087249985,0.786762687215432,0.5069898282880921
0.27505246903714897,0.3547481587508082,0.27115343537903225,0.28023873134373517,0.2580843127317705,0.1418850258462211,0.3113428811943799,0,0.20501745140423944,0.41747978840417543,0.3673352044584642,0.23809540774143048,0.24928793362648313,0.22413359477833342,0.2734143032177376,0.4264124649846445,0.20019025121665146,0.21426987300916053,0.32186063429883255,0.21409153924802185,0.27632488673824557,0.28520164900551426,0.29002303179291067,0.3826066851304453,0.30391292460458125,0.3224622351965561,0.2670761468082368,0.20653466072131732,0.2811021345425179,0.38819875440874735,0.45570584642585676,0.24306892416494277,0.22357951615572147,0.2867059965943855,0.2599950192575371,0.35078547284354444,0.5343896813521132,0.36314383244039133,0.4453490705358507,0.4214167123034114,0.25671966061830803,0.34373395692191133,0.23549573563979212,0.2234568994911816,0.24140706918447472,0.22641512729488278,0.235018855394119,0.2136564546637519,0.2655048038255515,0.511412096743434,0.2910446530858681,0.4310317820235287,0.2850401821955205,0.3794044545424301,0.4575629270446847,0.2851666685151015,0.26557418212303,0.23212102551251368,0.3649015565476342,0.22652380290162105,0.5256630328299265,0.46850395449091625,0.6212557575871576,0.5723875323597933,0.41059051414999,0.3835214728169034,0.39621557380858796,0.33844119348593216,0.3895283244176877,0.32076195241522953,0.4093902065762162,0.3275798578082755,0.3627892844363623,0.3760436241551611,0.4381475520055913,0.35774521036906193,0.4469926263466075,0.5205953187004434,0.3356746796151579,0.4414038452229747,0.7070238100002246,0.3836100001659531,0.498724742307952,0.4628884664868657,0.5215238519834536,0.4701925641330069,0.5101076364665054,0.4578681986435896,0.41279886748295846,0.4329797034740943,0.7815889267768293,0.5271966592102539,0.4523145756248333,0.5224639595886224,0.4914499170449157,0.4514484445113187,0.4494385158622712,0.7086416004804496,0.7801757474742403,0.675928359354997,0.6997051559211296,0.7876499987796839,0.7981316597164697,0.8013032773966317,0.5166248654809515,0.458911413078636,0.5769724312053576,0.49391899223986424,0.672492912337214,0.7248648600859205,0.4122899982419343
0.21212119233955362,0.26966464926414424,0.23098920111647436,0.24852497696792689,0.24376484463924736,0.14081457116520568,0.13721448717216972,0.20501745140423944,0,0.5491355934517875,0.24266385313605301,0.2686231918045179,0.25321319124139946,0.23229587422248213,0.15662512762847636,0.28174899075932286,0.29081048614477467,0.18139588058958775,0.1821870604576336,0.24334870884252702,0.24199707184029645,0.26685673047713626,0.3173211842810077,0.44703819645809256,0.3373167087973576,0.4241486481513415,0.32379669904873315,0.23813372823576912,0.357144389606032,0.2674535781939959,0.5488351358520592,0.20470211013157322,0.2357395906181041,0.35956884771739234,0.25811107759195584,0.3674738718955791,0.6229747146473953,0.43550328801749977,0.5424836516365558,0.42797289452458825,0.2595954905666883,0.4612966626160064,0.20241592481032677,0.24585263438250263,0.22666292471663047,0.25235583134382555,0.27594696175682903,0.24726329598190508,0.33016106359210406,0.40151955243198895,0.3731569984692972,0.5372573769685356,0.2404316870674697,0.4504886286524654,0.5224238767656191,0.3669349845120553,0.29054694080613924,0.2861370737104829,0.3036856423145325,0.24579702192945535,0.5546578209775297,0.4874570131341922,0.6704539312789862,0.6093332913341599,0.44223915164561617,0.4331956266314371,0.4531865572022364,0.37935720113900406,0.4462142860609182,0.3467352460038214,0.46865391434049264,0.35876787844171926,0.42601475031825287,0.4335163998031957,0.4733018063810926,0.38336022776549833,0.5212604776358136,0.5618277236751132,0.33385172059960333,0.4828705308425928,0.6801357827516089,0.4219244274244045,0.5574340629064318,0.5231982803611719,0.5726832822145098,0.5225890626797831,0.5637130068585747,0.43063568545407643,0.43138102121105837,0.4386959454578214,0.7334324526702617,0.5333706580452807,0.446319939450808,0.5793549018194715,0.4889789386090982,0.38047606591940686,0.35941285063258005,0.7428306550972056,0.750518030470576,0.6956790932197997,0.7130181205080198,0.7501188729689015,0.7565746092113205,0.7595093630976191,0.5808781734183878,0.45618192742830976,0.6151143487314995,0.494740057152637,0.6900844621579001,0.7617619661364466,0.47204513406149634
0.5297804934420536,0.602028123639259,0.48597754727576975,0.4867281790272012,0.47382968688730076,0.48957805236865715,0.6228512867370591,0.41747978840417543,0.5491355934517875,0,0.6659030651530848,0.4393695430517621,0.47156760728670033,0.45810568366507953,0.5820390299934644,0.7009361506534901,0.37878265943245026,0.51252738516444,0.6083926618422524,0.43951723289213485,0.4936422442700489,0.4670403982138879,0.40477066446681204,0.333120246427174,0.3865502061592518,0.322119458216477,0.41048878711005315,0.4754345110266345,0.39565083755446967,0.6777727774010772,0.347779196765473,0.5188035951708065,0.48553595484498013,0.3809086834453055,0.4841632562324647,0.47963352840805223,0.4449204973454502,0.4068293139697893,0.39216027505446255,0.5780260799776863,0.4937841379896573,0.36776219093691376,0.5157962273744353,0.46276580844141424,0.4997920435306888,0.43710974604726693,0.42288419110472913,0.4223093085347399,0.38388278302938317,0.7568619906625257,0.37335921979548814,0.3359807308479644,0.49635798142632104,0.39299292641213984,0.394508466226216,0.4156048806750904,0.4939288162374918,0.431677863829364,0.6257725116156302,0.47483600665764675,0.5240880854574915,0.5714078296552563,0.5640565694614252,0.5404907335636174,0.5066726179147837,0.4950626884761979,0.4850667478660438,0.5010960274789004,0.5116751898929217,0.5281221724137154,0.5039007984582147,0.5360222127645589,0.4869824844477908,0.49756423406090095,0.5245158930201462,0.529541363764308,0.4501456326255515,0.48996348176240495,0.5512291544941409,0.47414887745066975,0.7241921487948654,0.5008680804251621,0.4756258038777049,0.4486457228129435,0.46132675650863414,0.4847698782346854,0.48027178256702857,0.6239489458580146,0.5181076943408838,0.5139619862867206,0.8032664967793112,0.5393117828752324,0.5936880333073862,0.5354619684696004,0.6289239449914921,0.699338096602176,0.7043900670290512,0.6402157333213531,0.7945893348376228,0.6310873272947902,0.6481125820731201,0.8178926492942573,0.8257305915020245,0.8283665960083604,0.4957087250908559,0.5266638728731216,0.5325119179233037,0.5289546652969833,0.6426118508300425,0.6770066421972413,0.4775577225931896
0.3306528178548454,0.2632225861471118,0.37287445586206913,0.39749755663714403,0.3899025333963732,0.3081044924045703,0.20088942817887115,0.3673352044584642,0.24266385313605301,0.6659030651530848,0,0.3556000739611231,0.33050356970718303,0.3376065844303215,0.17528176010998603,0.17250587173687176,0.4203086943941346,0.2718493795355555,0.218810337000566,0.3607239239890727,0.3633074853122193,0.3594297034496123,0.43022145921059773,0.5521304345592383,0.44149464643084496,0.5292137547121002,0.4285949757320782,0.34056841035404795,0.4379070887748371,0.21908961977123023,0.637270345759993,0.3274287643138898,0.35888996370569665,0.4672513133141599,0.37778071408317765,0.4505018253903548,0.7022765018012397,0.5313491080854708,0.6342798313162816,0.4528767684053806,0.32766073688990816,0.5623583207255612,0.27077707831499614,0.3340256543264087,0.28806470638293186,0.35926626721700633,0.38660674049487775,0.3688789584477214,0.44019735250043884,0.2939326890345657,0.47978728006748367,0.6189164697484325,0.3547863350970927,0.5391914293570128,0.6075872050065978,0.4738715162849357,0.3952711573644118,0.39934467551886654,0.29189706824886763,0.3485139142708132,0.6067974014651558,0.5166574977109849,0.7269158335993499,0.6661720014266694,0.480150419054188,0.4906773050017872,0.5144544909299612,0.4309861148734323,0.490947525388173,0.39241959382786423,0.5405850947563187,0.38825929212704235,0.47765654617525255,0.4794427998326702,0.5232405237113155,0.43109366437387675,0.5873965301701688,0.6057184649745551,0.39253210683471507,0.5615061014217972,0.6821022387357314,0.472066847193418,0.6196957616900256,0.5929668542631436,0.6355246501038553,0.5829354360306332,0.6460799451383421,0.44362532060201654,0.5258416060757036,0.5430649696585952,0.7183451261750072,0.6007070049826371,0.46990305720787007,0.6334659521800827,0.4868126342805028,0.3584065440191152,0.3305339421105143,0.7957588092016497,0.7417984905647338,0.7195610847908047,0.752060919426368,0.7367024977245706,0.7411684149364737,0.7390380067710485,0.646898305196177,0.5377961661460947,0.6779002608058796,0.5746513901538992,0.7423491588836006,0.8022109099786823,0.5297181668383636
0.3216044713558472,0.42498010832923727,0.28395941525252405,0.3057649648201499,0.28026312598026787,0.26459398722912164,0.3505790069839343,0.23809540774143048,0.2686231918045179,0.4393695430517621,0.3556000739611231,0,0.12024818692167934,0.11164081399606336,0.27157558864692755,0.439650168419806,0.1679524117250388,0.22141429522749773,0.32262132201175797,0.1640014308866419,0.25448289959343806,0.24921617480801136,0.2616894702847927,0.3703956835485577,0.27739352864370165,0.27900460031944424,0.22209045286591064,0.25326902650240496,0.23098442439138328,0.4173840984806863,0.44992829957319896,0.24982606534631296,0.24591827079121195,0.2967208134127012,0.26323044323075706,0.31403521852160454,0.5367527384188745,0.3402631952980333,0.4438112978380347,0.40768734826856834,0.17021720727512793,0.3164881262842911,0.20581519651247535,0.16841382269731414,0.16758378301365479,0.22128307568929922,0.22568192588723274,0.1971813052528012,0.1957238514344253,0.5411671925150967,0.2789689578561218,0.42643677292720816,0.23589788966441194,0.3285788929149966,0.42554887134491437,0.24948528512601717,0.24960499514836634,0.21751205424398942,0.374877801770428,0.22963723066057806,0.5229208711750666,0.46248044837521957,0.6158584307815141,0.5691988731601249,0.41351205114015105,0.39305755001763026,0.3967070683404046,0.3510936029142792,0.37992061523725296,0.34964900284774225,0.40385297468341025,0.3608497505556808,0.35240447277957143,0.35703191695724246,0.43396601785397626,0.3953906512855319,0.44242243466191294,0.5108993963040518,0.3837795440805416,0.43902397872033655,0.6825906708755599,0.3828088310030856,0.4987314467898892,0.47518235250972435,0.5226018704232555,0.4733544334357251,0.5116626116414879,0.46335860929981587,0.4057024748024635,0.43000364950748493,0.7809606697374638,0.5274597901866024,0.4801501894452828,0.5275890898713402,0.5205486519431315,0.5284880042863336,0.5079016367601177,0.7067770590740833,0.7741426135562794,0.7031451401892919,0.697833006488717,0.7953032343649301,0.7963579227825613,0.7962686021073051,0.5206923681382507,0.45944468782936265,0.5616386220421551,0.488938428653992,0.6784516373195968,0.714927951868215,0.40896150925087704
0.3047775217836191,0.40058791857900683,0.30493902930950384,0.32765188144288987,0.3093399266113945,0.26437078533147046,0.32353070133073875,0.24928793362648313,0.25321319124139946,0.47156760728670033,0.33050356970718303,0.12024818692167934,0,0.0868414977000799,0.23927740037488882,0.41109677190348093,0.19392743036558438,0.19901369422990733,0.2802664610709592,0.1669459364976227,0.28459150708116443,0.28602154378987815,0.31211073349516183,0.4118626723074749,0.3350618046305957,0.30188087409970027,0.2729964697847858,0.24353728029763339,0.2729235715029952,0.400006875200055,0.4851586935768754,0.2585975575601985,0.27591238578963223,0.3453637840915456,0.3046650901443179,0.3357432286028644,0.5685214473391736,0.3819876888442657,0.4830522978161739,0.43070501082872015,0.17770803195438817,0.3441763308629153,0.19523792560418216,0.18100575095572216,0.16079343356168987,0.215887591322224,0.2077350317160275,0.1839896657696004,0.21076475837033146,0.5127129761925459,0.32745811739480263,0.46840004663875623,0.23496657357273795,0.3706713856336746,0.45804667795756326,0.2673507229514276,0.2630971935936687,0.24578098197277906,0.3571102109333412,0.23638380294980307,0.5378799881543161,0.4830898312852694,0.6349067402056282,0.5860466208836135,0.42260520704451876,0.4237997064787142,0.4268859582558295,0.3640829865703622,0.40171663041421285,0.3349939904680992,0.4266449983485339,0.3396409787936579,0.3815645907095252,0.3810837882993918,0.44429633442794864,0.3870040680332186,0.47049908544860297,0.5290806964048516,0.37508552243217486,0.4640059689795399,0.6754564685778958,0.40484266094361215,0.515099309090248,0.5001557139018713,0.5371530789801959,0.49477349955253636,0.5369800014812659,0.4847190843081964,0.4161365803093147,0.44124233259980067,0.7764648674610233,0.5178925374099081,0.4936230821205206,0.5407326213928474,0.5262572254705212,0.5037638379856443,0.48294500634593496,0.7080077180212815,0.779754474180424,0.6962535617433863,0.6862073220533451,0.7944264585846423,0.7990268362892852,0.7978648862722185,0.5457439268722531,0.4680263843371372,0.5735399794149849,0.4941726905420607,0.6748068625482273,0.712786182076883,0.4392510927350775
0.28738715296323625,0.3844296047298368,0.29347504609174085,0.31254077250760526,0.2851284709720472,0.2423709521677324,0.3154440570730452,0.22413359477833342,0.23229587422248213,0.45810568366507953,0.3376065844303215,0.11164081399606336,0.0868414977000799,0,0.2367878053360127,0.4150905364672914,0.18480402558300837,0.18922909990534156,0.28965602808951874,0.14711294245319959,0.2810690239374083,0.27700559957817167,0.30322375947546193,0.4125652074267199,0.31946856930758133,0.2877229174882134,0.23416746342797037,0.22915360903731016,0.23662602558017073,0.38838603641369507,0.47089571352340603,0.25230348346512005,0.2750704947817325,0.34037651695925913,0.307023680228376,0.3127445269355726,0.5526330771420547,0.3645558434208097,0.45728293865319386,0.4083436383326581,0.14694674311907832,0.32427598575934036,0.17433074223105305,0.13437223859290465,0.14736485805057567,0.18887972557544877,0.18422738569934832,0.15825353050528237,0.21087081028977672,0.5113845664550317,0.3043167857132353,0.4391439909997188,0.23122772344219053,0.3592117087899038,0.4453776589130837,0.2539978293987496,0.24959275713199355,0.22087042300470233,0.3346450222872445,0.22682901056837096,0.5237922326435677,0.4707622773263825,0.6232755159926844,0.5736632566620307,0.41222254886530996,0.4010940248160395,0.4031394802171396,0.35641008299173915,0.3816907733755007,0.3311886095575279,0.40353960434296904,0.3253779570372219,0.35822655175756474,0.36029281251470774,0.4212083428519605,0.35644036381660255,0.44801345626267985,0.5191781530691589,0.36700537066014005,0.4667809559968942,0.6849624049869238,0.39609908674996874,0.5006335190221286,0.4836742114953815,0.5223847911686348,0.47489952801033214,0.535354930040909,0.4818014844285997,0.41334240958063456,0.4365534590656042,0.7888678345417028,0.5261787157608386,0.49688771146124516,0.532217841837522,0.5269986169899602,0.4942599307913769,0.48115972361270615,0.7091771902228375,0.7810229843558988,0.693805791804947,0.6926971714011997,0.8011404092143338,0.8027955924444206,0.8013057289930985,0.5415957160149732,0.45983667440112874,0.5648511997572925,0.4944515373204195,0.6723989657174632,0.701406582476154,0.4157392842436663
0.274943087100609,0.30095419489074937,0.3107813918970414,0.3317672160709129,0.3248619072115682,0.20137837536409853,0.16208440528441492,0.2734143032177376,0.15662512762847636,0.5820390299934644,0.17528176010998603,0.27157558864692755,0.23927740037488882,0.2367878053360127,0,0.2541804826950993,0.33130213261840996,0.1815255286801373,0.17338038450243304,0.2641585418054505,0.29001373397397634,0.28722669254029237,0.3602910196134036,0.48482973798070017,0.3758184893573577,0.4469801728849115,0.3391846249248093,0.255336626558752,0.35809080600589727,0.2777997654173349,0.5810959005002923,0.261560170999175,0.29612098179889224,0.4097471011135502,0.31380126567606736,0.38866454351587815,0.6623553993662118,0.47298242979674426,0.5844427449486747,0.4164241455109405,0.24127466080985552,0.4826382569233271,0.207034526116026,0.2479760016837118,0.204812490190573,0.2627793420592161,0.28870742189709964,0.26918616936939027,0.33869181056086456,0.38528429351733023,0.421760568577603,0.5754184454698954,0.2852638989496755,0.4912444128794997,0.562198733531042,0.3824237390118438,0.30478524963332665,0.29894161487520643,0.29197727102081167,0.26287279085888493,0.5843584708832165,0.4992908426175686,0.7026123399401665,0.6452959961856117,0.46844212302269866,0.4591602330469258,0.474723252405342,0.4070770210419087,0.45169498850347645,0.3647492803493339,0.4930686614351076,0.35999749894978095,0.4432939624435128,0.452362030488185,0.49286080148638695,0.4077215878277636,0.5411393034094132,0.5806084426496491,0.36007083672209833,0.5067000982583665,0.6710217408836713,0.4470434581794457,0.5659660511862303,0.544775235735063,0.5850805554780999,0.5402350021085638,0.592902037352958,0.42663189500080334,0.4639876445334714,0.48180412665243566,0.7247115924890458,0.546817212676792,0.4610162565473976,0.6022911282883733,0.4836703775481349,0.3973930063596684,0.3741307907402107,0.7618551681156576,0.73444552417197,0.6874252432672233,0.7143767559767249,0.7459737398504177,0.7481550834531498,0.7531939423007795,0.6151447828327801,0.48896012096563635,0.6452331269918021,0.5259963625396485,0.6949011866716928,0.7677923674346337,0.4866585605676723
0.37351317917375293,0.29893955029126384,0.4280768771478783,0.4489500315622421,0.4465948978646157,0.34769402008101913,0.21610994104801534,0.4264124649846445,0.28174899075932286,0.7009361506534901,0.17250587173687176,0.439650168419806,0.41109677190348093,0.4150905364672914,0.2541804826950993,0,0.4700519966561821,0.31945306655113487,0.20287860582404846,0.4211868906797683,0.38052831251512714,0.4062145171025775,0.46280403192863223,0.5923512958736163,0.4985577227973404,0.580620701853266,0.5037188466124487,0.3964279676003874,0.5155178981530169,0.1977728372632564,0.6828463339864743,0.34846553264566943,0.3820591262374217,0.5096735776945844,0.38645791439494026,0.49302265478162244,0.7365733258727725,0.575440315704265,0.6710001176008928,0.50285030866551494,0.40823802817630217,0.6176946039918249,0.36989547185897526,0.4146565802564521,0.3696507990167147,0.4156504781945117,0.43807112997262276,0.4275587123087159,0.49989170265636257,0.25110244403609383,0.532320962441347,0.6641216557851864,0.39573900108385196,0.5849355024887921,0.647727548216383,0.5311685395724516,0.4577721741228744,0.46591545382583166,0.3449607513116189,0.412165314744205,0.6561062430728032,0.5556358229135756,0.7585748951924024,0.7056789535841873,0.5194081530481861,0.531217067943247,0.5573097278315464,0.46986317212458806,0.5251838815963233,0.4239323568840535,0.5905987707851684,0.4312851456970621,0.5180212396412184,0.5117338999177572,0.5645171282714639,0.4585522985216603,0.6214260813217226,0.6548049874707392,0.4170490644209593,0.5958002168993225,0.6767600022373625,0.5090863807620396,0.6568829506517911,0.6349163911982756,0.6770079448481959,0.6278983943316326,0.681674996417746,0.4247634391357038,0.5602983537390117,0.5492474176491945,0.6746844455833401,0.6155304104482089,0.4625002587381409,0.6675880918963706,0.46060318912096754,0.28643389553232596,0.25509288602750113,0.8219450659455932,0.6899256765354549,0.7164705037530799,0.7663821019142245,0.681728685235056,0.6899155558842844,0.6891195008812249,0.6849158773623967,0.545851458402537,0.722598901878108,0.5873286840226278,0.7498917359473561,0.8311739331145426,0.5716594220670924
0.2938662958620968,0.387139836792256,0.26701980622738236,0.2854168052986578,0.2540914716365925,0.2421701840752272,0.3792002705335443,0.20019025121665146,0.29081048614477467,0.37878265943245026,0.4203086943941346,0.1679524117250388,0.19392743036558438,0.18480402558300837,0.33130213261840996,0.4700519966561821,0,0.20386599900462993,0.34294548512857803,0.12441549038622102,0.25148578350455386,0.2576612436247583,0.25773379715856937,0.3634868502805939,0.2771818542338119,0.2284845461749338,0.20452258909446652,0.22073620604924238,0.2108765648015259,0.44265983883367643,0.4396768957623659,0.28593993673866214,0.26876954629804023,0.30468915886787745,0.3028239190754409,0.3051062934231161,0.5056020404741872,0.31464077837540216,0.41256655192882863,0.39941524719123167,0.23235709930874893,0.2885511987650819,0.24952052261468388,0.20345146223538482,0.22606971872854834,0.16995440328185224,0.17280760384111638,0.1488393434477951,0.1607112408322466,0.5592872408718964,0.24856655180252596,0.4026505335778568,0.25475957087893675,0.3238878833068335,0.4156243196863351,0.221786620218542,0.2432313384131695,0.2013055725335443,0.38720561917362567,0.21950914275958777,0.4947787479748276,0.44466074286467183,0.5916741019898685,0.5374655206641323,0.35095924396036793,0.36066900448048483,0.3615178089720807,0.3087311786997442,0.34643433696293296,0.312319733195076,0.37931545454446153,0.3324994481355727,0.32448198198394795,0.3179811231719316,0.413223525436468,0.3612896453705199,0.395662559032366,0.47920871786332697,0.3466131298020785,0.42316624069614894,0.7072207588987242,0.3429043863023296,0.4645445820241617,0.432947000575794,0.482282230357528,0.43447099144621887,0.4984224950543403,0.4821384711806261,0.3917455290034568,0.41651070559433623,0.7986876580172441,0.5039406439835402,0.4649857228713583,0.5138333959635807,0.5016866090392779,0.5065383223399412,0.49758803444048,0.6751514980851814,0.7912732104417142,0.6656775257071125,0.673606611762662,0.8100014671579409,0.8109682706466375,0.8103385757247545,0.49501511249942004,0.43292011762161314,0.5353436515845236,0.4701822304619611,0.6487188092168006,0.6940363216982464,0.3731097273544854
0.2572133516553178,0.30400989177796073,0.27990201428379186,0.30251677514674685,0.28563072270067347,0.20093402025747836,0.24669538085316467,0.21426987300916053,0.18139588058958775,0.51252738516444,0.2718493795355555,0.22141429522749773,0.19901369422990733,0.18922909990534156,0.1815255286801373,0.31945306655113487,0.20386599900462993,0,0.20156480016585382,0.1530652545452352,0.2657328561235154,0.26982000033562575,0.31373975439470225,0.4339428655716892,0.3381928733924801,0.3623179211731996,0.27051269001212874,0.16147264707128095,0.29512692541685,0.2922321487715705,0.5253976883400637,0.2566228080492681,0.2796485547655938,0.35899196661453375,0.3071134322849191,0.32413042342688186,0.5914713445409177,0.3977930627507539,0.5058633263211489,0.3986180752539463,0.23026327123281942,0.40694065339871016,0.20160297771706506,0.2103564295891836,0.20477769951875358,0.17498309067500512,0.21258451102120168,0.1846719292251385,0.2663615251558907,0.44472600337505663,0.3389525731441615,0.49965541669555047,0.24964334887488418,0.41813189512612425,0.5029895490352303,0.311081695597756,0.26953329857707814,0.25612752927586474,0.3191508564399366,0.24191393243218404,0.5328214700119404,0.4596465577854675,0.6488973446316293,0.5901638535112047,0.4014209654501939,0.39975808818139685,0.40916221180017226,0.34229790839514757,0.39064513151679386,0.3108377936454898,0.4226658269045421,0.31084961229694336,0.3780838830569387,0.37904964015385456,0.4324122768680637,0.3392028226096355,0.46575030611603563,0.519482181311608,0.3172663443677126,0.46185497818389837,0.688141472877068,0.38323934106921403,0.5067469979137323,0.4859503494168142,0.5243027814979148,0.48114679331275695,0.5454047034862727,0.4392343596036349,0.41838215490638664,0.4391046793901304,0.7712285877964783,0.524984850546973,0.45012767353358535,0.5396057947877778,0.49133009850381126,0.39633043303450255,0.39123260050275266,0.723916533096883,0.7681677871060256,0.6809858236191426,0.7009341763766332,0.7865424364017798,0.7888369917894679,0.7890572530059067,0.5496783719406134,0.4494779793114046,0.5888908103646451,0.48534669567883637,0.6654044364433364,0.728830705305716,0.41551747073767664
