RTF001,RTF002,RTF003,RTF004,RTF005,RTF006,RTF007,RTF008,RTF009,RTF010,RTF011,RTF012,RTF013,RTF014,RTF015,RTF016,RTF017,RTF018,RTF019,RTF020,RTF021,RTF022,RTF023,RTF024,RTF025,RTF026,RTF027,RTF028,RTF029,RTF030,RTF031,RTF032,RTF033,RTF034,RTF035,RTF036,RTF037,RTF038,RTF039,RTF040,RTF041,RTF042,RTF043,RTF044,RTF045,RTF046,RTF047,RTF048,RTF049,RTF050,RTF051,RTF052,RTF053,RTF054,RTF055,RTF056,RTF057,RTF058,RTF059,RTF060,RTF241,RTF242,RTF243,RTF244,RTF246,RTF247,RTF249,RTF250,RTF252,RTF253,RTF254,RTF255,RTF256,RTF257,RTF258,RTF259,RTF260,RTF261,RTF262,RTF263,RTF265,RTF266,RTF267,RTF268,RTF269,RTF270,RTF271,RTF272,RTF273,RTF274,RTF275,RTF276,RTF277,RTF278,RTF279,RTF280,RTF281,RTF282,RTF283,RTF284,RTF285,RTF287,RTF289,RTF290,RTF292,RTF293,RTF294,RTF295,RTF299,RTF300,RTF301
0,0.15307781649245064,0.11797074930055558,0.1710008508827909,0.11259785408798739,0.21116967312498452,0.27333832104219363,0.39018174739412814,0.2997682258744206,0.6514838175990073,0.36540782069509326,0.2956288290768913,0.23156496996522288,0.23599354353799332,0.2880489689189992,0.42947424710143167,0.21685029806536368,0.2676175613060889,0.34965907104143595,0.2080605959285503,0.19830285371059056,0.23193185275327047,0.2936099624963939,0.4627205873531917,0.3342052898696537,0.37485952033667297,0.2743585957818942,0.18066941821676938,0.3368233813938018,0.31856369406932605,0.6304155384294938,0.2336931074640126,0.2466195872338096,0.3462245187386699,0.29445328214769334,0.31349758219885937,0.7096651342455319,0.40331661771684346,0.5922454557548344,0.4129634430904848,0.26696474498476636,0.4720446328089457,0.30139707120013465,0.35775668920466425,0.3772272754061647,0.22015780775177268,0.24517933490223137,0.23853946505356752,0.22573950410801705,0.42993383799248974,0.27640582507237477,0.5466480472589966,0.35487454510630145,0.40366362217617113,0.5414888393700192,0.2997818253131665,0.2685270172008916,0.2638686340931274,0.38241883099482277,0.2863785049285066,0.5913677605359111,0.4406321260009545,0.7205426356589147,0.6150286731263594,0.41216147164026573,0.4207534978175728,0.38823753240267306,0.2779836363184203,0.3512624140339248,0.28178849774769404,0.39849952822589924,0.3322176889565037,0.3888748099341105,0.38239777896211097,0.5538889625016563,0.391304347826087,0.5334666066587819,0.5443544738984891,0.29997640396413405,0.5139721627408994,0.9595225739491438,0.3527732510430753,0.5796781319028085,0.5549713137261776,0.6075887010537192,0.47824080559698723,0.5542682148781422,0.5052148082233011,0.3569352841583908,0.4240110691078003,0.8685701090721397,0.5597741530740276,0.43059341079711183,0.5572902355556666,0.4327079835511108,0.44276194826031456,0.4262744249765664,0.8810906106568589,0.9504009453870178,0.8631447345467232,0.8440846525978403,0.958557575456958,0.9643550295857988,0.9589632028478549,0.5767330068736242,0.4399097468448588,0.6666709185300458,0.5142926180983448,0.79602695546325,0.8453329969727548,0.3928488653842102
0.15307781649245064,0,0.20907549948592546,0.24576094074373372,0.21370045607203064,0.22417068348345243,0.29057500866722796,0.4288634766498435,0.3360735485422565,0.7300236726411904,0.332751875202472,0.38371488033298645,0.2803310767928919,0.2735344073292501,0.3046150795617905,0.37766841284136027,0.2959453161410595,0.29019390022217734,0.32290654750340003,0.2594526225140612,0.3098681923909847,0.34816847025351827,0.40310223325684336,0.5996195910603899,0.4339328690516329,0.4520131173705408,0.3300238753752689,0.2348859668672461,0.40882111222719386,0.2859223427219058,0.7381325555722132,0.28761427676894175,0.34819389587073607,0.45380315792185044,0.39352795373175437,0.3912509675180826,0.7921773997916637,0.4921371833404895,0.6693503609106052,0.46581271964937515,0.3510555985409528,0.5518649401246207,0.3151554767018396,0.3957517013817282,0.4127466628712016,0.24081860725012222,0.2521423608430479,0.2545415361991811,0.29478781700012746,0.37139802590686455,0.3408471891417566,0.6195590300178362,0.410123097338998,0.4832666497169849,0.6203874295941464,0.38924791727985875,0.318043953858393,0.2942301714449678,0.3792320534223706,0.3046246191623846,0.615954839188888,0.46080433423629924,0.748205038062658,0.6551124123073524,0.42814383259617567,0.433181378643459,0.4219577211580187,0.3112407279907507,0.3918161849996298,0.28963228989325346,0.4141116422846052,0.35555168307629753,0.40161903626270257,0.41729673744174,0.5780471212184319,0.33774508534279574,0.5664277958740499,0.623609983408056,0.2778139872351415,0.5631409851705319,0.9554257680177549,0.387650457390467,0.6174589302225431,0.5964596167425552,0.667310054395508,0.5439495199647183,0.6016923138521494,0.5147586811741168,0.40078992906489835,0.47129788524315186,0.8862036535666448,0.5838021427541078,0.41749678963707315,0.5866254257859912,0.4030044062932534,0.36668049691260096,0.35966704692181367,0.8870339186913639,0.9493117292801836,0.8508837707552223,0.8328279957046302,0.9581600797937797,0.9642227074774541,0.9583268783888459,0.6180528781559239,0.4757507867234748,0.7041919043680124,0.5354419050260315,0.8096899428151724,0.8415285414771154,0.4251358235223385
0.11797074930055558,0.20907549948592546,0,0.07954867914330113,0.12945209827947432,0.2534572630785656,0.3363535592076727,0.4237542820854539,0.33592291028609844,0.6164764893575114,0.43777427566977817,0.2625168010752688,0.28346861193876505,0.29178966328113276,0.35878635859341085,0.505766550307755,0.26126126126126126,0.3226598565956193,0.404331788517923,0.26121489222730243,0.22331836236662425,0.2369695173163381,0.2450933752942755,0.4350546587782728,0.30140634384597076,0.3458528951486698,0.3304313779681706,0.2545838905906208,0.3087226588948747,0.40698056461192406,0.5856887771972753,0.27292219975146803,0.21182348275046273,0.30453942261949474,0.23769571955325175,0.31109556022082263,0.6576731064430031,0.37813965607087024,0.555525553537238,0.4153222089056882,0.319965687325756,0.4410253295268177,0.34269202766654533,0.3981776398016369,0.41627317461106417,0.30306027066935803,0.31564727954971855,0.3063921592800345,0.2637605015984734,0.49790744369451095,0.2979851301941521,0.5054814374372887,0.38108110726777705,0.35189636578615696,0.500869342879059,0.33297667185069985,0.3343976777939042,0.31290029578219253,0.44923003410004125,0.33688855381613375,0.5645822249701641,0.41447377285527576,0.6769612411240468,0.5783720057874712,0.39111705095433963,0.3892149768164884,0.3917019556745931,0.3377434952216233,0.40461150474360513,0.3347036987775534,0.3495069724021238,0.33634343263847866,0.3919108468774531,0.41061002617274006,0.5279764069001737,0.45296412838263056,0.5078234321333164,0.5308497586369004,0.3620749500293241,0.47666272157150824,0.9575460177187646,0.382033008252063,0.5569515785324514,0.5280312907431551,0.5830671316052574,0.5037955718328616,0.5211705698622325,0.47857883679493657,0.32351318406364277,0.39660124161284255,0.857036320950145,0.5326224056874211,0.4204097475770551,0.5101895884851944,0.41795191583418745,0.5171422461925919,0.5052376132580515,0.8567203926486754,0.9370949951744106,0.8441185610488776,0.8216486667886997,0.9481310823230225,0.954879996157956,0.9493299201927421,0.5278565328778821,0.4046896829492391,0.6182986551965383,0.4720876911193124,0.7675212803914573,0.8236431874367547,0.4519533459252382
0.1710008508827909,0.24576094074373372,0.07954867914330113,0,0.14173689436565928,0.28251945500793313,0.38373090162449425,0.43513557104711387,0.37102707789707834,0.5824424666912423,0.45030319969862315,0.26108139224688653,0.2918635643742838,0.30643158990306846,0.37441823918378203,0.517596141956226,0.2511636707663198,0.33405541127672406,0.42170816396667576,0.2753015756591442,0.27472441662220026,0.282790386686973,0.28082660797260944,0.46241991579718106,0.3418368505940347,0.32771494588349753,0.3243533363343606,0.28308526595130956,0.3081772148161271,0.46227813462050094,0.5769985677152406,0.30819115545731,0.26964943619515463,0.32098347076320644,0.2662121070045947,0.3355161437016826,0.6400221883233949,0.3669196306116851,0.5340264533989542,0.4165170082400169,0.33971266144314377,0.4227537326156319,0.35616797600994266,0.3991980689014352,0.4150447237882742,0.32074549011084547,0.321897453259602,0.3139382554316929,0.2573259959503609,0.5362118511512859,0.3225439964357318,0.5071066226090194,0.412861136999068,0.3322737812980381,0.49009856573398786,0.3390874847207324,0.34780974551097854,0.313972896945362,0.4608243271187732,0.34231901772320683,0.5469962218440861,0.4300961954172071,0.6448649786808444,0.5446180299020728,0.3885101732840714,0.36028809072707974,0.38011271557458337,0.3584609543095811,0.4027134069267717,0.357518605609561,0.3478138816759071,0.32924266147574516,0.3853795737214223,0.4070467131737962,0.5068729914391423,0.4458731340458555,0.48665158130690206,0.5401094101962948,0.39753803330613813,0.48971462868991106,0.9579355874743509,0.4206624290632233,0.5364895902793213,0.5305635091304399,0.5846095554713568,0.5270262383378217,0.5477013435900101,0.5050463302446504,0.35752695088378317,0.42879774687555006,0.8856652217867579,0.5187257306356019,0.4092898832684825,0.4748391690187403,0.40959619717263746,0.5259892589637639,0.513630473582553,0.8331624887397882,0.924424536948965,0.8123070529565424,0.7853262948511973,0.9398965038495519,0.9467311765838629,0.9413518511529607,0.5146078699899571,0.369993690851735,0.5842566733779307,0.43535976793923153,0.740760140530182,0.8068526223866029,0.44215591915303176
0.11259785408798739,0.21370045607203064,0.12945209827947432,0.14173689436565928,0,0.2244902808801863,0.3433320006853618,0.3884247799779978,0.31425431008162186,0.5856317993705549,0.42023690529532737,0.28990562436655126,0.2542196012764976,0.239688983040818,0.33943045282544326,0.4847231955150666,0.19914311216899733,0.30383618033187204,0.3873649490087846,0.2252925436811798,0.21744885827398974,0.22603580742109386,0.2619900612504334,0.41567564450083627,0.2992068281748427,0.3081857898367441,0.24330594066989836,0.21510136867964258,0.31957454440106503,0.405757441774315,0.5475709259675126,0.24537405778531934,0.23922205062429652,0.30043706397242587,0.2857268800141056,0.28598176589365476,0.6161852719229769,0.34282797722269365,0.5144434757337983,0.4257561072591267,0.27751178038581553,0.4078099097439676,0.3156739099866959,0.3379978990179354,0.3659552613558548,0.25911747441492483,0.25371897892282747,0.24773533806499815,0.20744624696484498,0.4989624296343854,0.24394372156987199,0.49044881222979897,0.34490246663820784,0.33695652173913043,0.47432009568799915,0.240685789647214,0.26792695089935686,0.23492916625194918,0.4141631567509391,0.29195208190405825,0.5740390844310084,0.46129040448924663,0.6670712675567886,0.5752907453941636,0.3810679016883531,0.3807833676472446,0.3536072098449151,0.29894937917860553,0.34925243967706304,0.32400403429147756,0.3574088028012943,0.3434686620044155,0.3746991174110725,0.37715571107223195,0.547203329611207,0.4030167025797926,0.49575752672404205,0.5417493079924152,0.3470907398578855,0.5222783058751185,0.9615213971685557,0.36599859783443317,0.5465403816544581,0.528537208020783,0.5824736908983793,0.4693838269614802,0.540828315464826,0.5370572377907341,0.36688327433199164,0.4223102842769683,0.9019997661092269,0.5557455622726944,0.4459133233705024,0.5009112272792672,0.44981995042791,0.48536522140949206,0.4742813568721693,0.8477204350844711,0.9520240359260383,0.8414441394226769,0.81841523429142,0.9591093117408906,0.9646622190851339,0.9599719851378782,0.5359733258276138,0.40204761904761904,0.6187924389796293,0.4785850327495703,0.7637579042457091,0.8102592655353555,0.38707510685935276
0.21116967312498452,0.22417068348345243,0.2534572630785656,0.28251945500793313,0.2244902808801863,0,0.203212487981449,0.31768078353752177,0.18105692205250307,0.5577814285364,0.29161878974732364,0.31860008069449325,0.21309428025890745,0.21836521902128705,0.21232155593039972,0.34856614246068457,0.21107380573717383,0.19879802433885582,0.2764770593268365,0.21475371832257592,0.281890183996992,0.2693781621571556,0.30488614257924246,0.46205242419050885,0.3265279972664759,0.35161657559198545,0.2742094593862131,0.22581592079630666,0.3660545080235047,0.31365104148184947,0.5848865628163034,0.14313472242859265,0.2182848859783087,0.3272128225872642,0.19255927536412454,0.336094459582198,0.6479670612454966,0.38088573549635507,0.5199631697070841,0.45700656519707883,0.30212329879900524,0.41229310108978157,0.25189416265686454,0.3244186157654773,0.30472435002452736,0.20788629995203595,0.20870675617099543,0.20472932365586427,0.24673967321248155,0.3536550753266805,0.23088374043400775,0.5138573134592419,0.25971754221215637,0.37728839897052396,0.49419459756782935,0.29005408934066956,0.2704196891779904,0.20857114687291173,0.3736652614087454,0.2501856597458292,0.6237526015262287,0.48137543013588524,0.738939679894115,0.6425118359087105,0.43669827105409925,0.4315202858892179,0.40660958593820784,0.3018435358071378,0.41156305325950904,0.28447884510622845,0.4607920618194591,0.3396337398533391,0.39685747972761615,0.40290524381192494,0.5616809760506101,0.34748229415854537,0.5512978614611844,0.5748094405216904,0.28791114908158905,0.4884563724372133,0.9620980850810767,0.3688782090144509,0.5933111603843311,0.5591842190267212,0.6204833747011793,0.4893786489737075,0.5194264121693635,0.443453451590895,0.3518429641005951,0.40211876350653014,0.8060884873873989,0.5432310662947866,0.414114968696642,0.5327304661539922,0.4381424205944995,0.36863607443044194,0.3487164233743651,0.8739642265272302,0.8646761149559378,0.7811361082947414,0.7661946029732967,0.8922913719943423,0.90213984531782,0.89816805912974,0.5172576527876097,0.3655668159321235,0.6390580543616442,0.4460261245515592,0.7556178100971568,0.8858861017274012,0.4037126715092817
0.27333832104219363,0.29057500866722796,0.3363535592076727,0.38373090162449425,0.3433320006853618,0.203212487981449,0,0.3225145738144005,0.12806954214187455,0.7382132388430434,0.14568361086765994,0.39379659411075374,0.27959470999607633,0.2822240753679371,0.12613123405368865,0.20105496266455972,0.34348446740534294,0.16819964981493385,0.14689313941782509,0.3171783454417624,0.2968029081418651,0.2944715555852664,0.3786121117978209,0.5626154658221166,0.4253913617016891,0.5019787110424134,0.39923453381854684,0.30590983951893985,0.46806902304243564,0.16880487693917473,0.7251969903430298,0.21359714763623558,0.3357471449650948,0.45863220101953356,0.308314004925755,0.39922751175019777,0.7904834712272352,0.5286265341905318,0.6866151153258148,0.5254429348788348,0.3425741624499388,0.5682344547500138,0.21509090533021696,0.2781059610007222,0.22963843305754902,0.29635503044536177,0.2885958981293667,0.2576386185417941,0.36506056407276627,0.20589521560395346,0.39340494679612437,0.6332606118908147,0.19367137206582202,0.5144426434060616,0.6252154924721296,0.40772724723826614,0.34461572100142124,0.31953012760922844,0.25099135538107703,0.23882165154668336,0.6990183438222041,0.5430505860951486,0.8456559855964415,0.7400100678380517,0.5134814055602791,0.5262312377116003,0.49215179379779006,0.3841660890217157,0.4747121442537476,0.3108762418982873,0.5414933587341906,0.40436132391968355,0.49120799084382477,0.4815889057578573,0.6207540126913027,0.3987080689029918,0.6236496576870115,0.6268449944272575,0.3130313302071714,0.5498851747894871,0.9672283426533153,0.4187371150453763,0.6696342236004135,0.6448046371833405,0.6988591313540657,0.5495385092685954,0.6414385274988657,0.48947568931853896,0.45088498126261173,0.476080203332392,0.7699261083743842,0.5986892608760412,0.4599861889050871,0.6565462947116207,0.4777048778585989,0.25789518974270714,0.26249821021444386,0.9281791297000422,0.8624839105576676,0.8308169759189179,0.8221020633255319,0.8903889096700333,0.8997382682261971,0.8951877217965236,0.6576308026703928,0.47065423102639364,0.7423932260165628,0.5419539784613001,0.8057204409506566,0.9379684315960349,0.47538072799289766
0.39018174739412814,0.4288634766498435,0.4237542820854539,0.43513557104711387,0.3884247799779978,0.31768078353752177,0.3225145738144005,0,0.1991835864316939,0.4808446296393973,0.37363744618484934,0.48576879683730656,0.3923142879413828,0.37111744438300226,0.35309199226690785,0.4344389388883271,0.3524211389474943,0.3244907387962535,0.3752711141666871,0.3835668042086082,0.44209011209490995,0.4244650433110382,0.41388884242920937,0.49632128809199705,0.420645263827082,0.42210150964774884,0.3712379957407482,0.4229843000354696,0.4991235135263183,0.30213910615003725,0.49797706754297627,0.328821263546654,0.42467155151935976,0.36221323685890616,0.4059529208796877,0.4769742861375182,0.6809149470466208,0.4855234047762708,0.550494234629177,0.5886404876415975,0.4827681475870059,0.469827873774101,0.34312874001003973,0.25149661206499574,0.27238913974759754,0.3997881774283304,0.35188477800369217,0.3257968865826538,0.3790310991639828,0.2971040400429031,0.334603144742824,0.41476110801264177,0.2790222007584904,0.4815817039106145,0.5609798216151343,0.4178618655274133,0.42682308338252534,0.35928274655587145,0.3977436593434558,0.3465213274592505,0.6701075188531322,0.5681399466971936,0.7406535074613748,0.6745930631409199,0.5316484398165106,0.52111496270685,0.4780385777364629,0.4197144031230738,0.49279786873174647,0.3933665835411471,0.5293936346234954,0.49235907296832304,0.485230603784712,0.48625169771673116,0.6290051494779002,0.4385332387844199,0.5366295507432027,0.5999839756429773,0.4117676192362934,0.5798426727629471,0.9750707941041218,0.4581519660887323,0.6105910085873043,0.5821492698844769,0.6358483467792501,0.49925508916741157,0.6032102896580571,0.6308431513346276,0.5028390402659003,0.5407390993079467,0.8957520885034589,0.6666953810106301,0.5725187024109032,0.6084051798165768,0.6094451003541913,0.4451570519400534,0.4595150501672241,0.8600367963673373,0.9511822716767238,0.8496206286724856,0.8219731854623714,0.9550705813993232,0.9610707608821535,0.9605078055060576,0.5360463076653219,0.5322090082701114,0.6695852173231228,0.5837725334855148,0.8080345989161993,0.8576937042864801,0.45205166478813175
0.2997682258744206,0.3360735485422565,0.33592291028609844,0.37102707789707834,0.31425431008162186,0.18105692205250307,0.12806954214187455,0.1991835864316939,0,0.6364833786326574,0.22439775278695598,0.3953391181937158,0.29524376842256617,0.2776543222290374,0.20401847169203433,0.29482768906476825,0.3081360692672183,0.20052302602252578,0.22228520372380797,0.29949090606227813,0.3355983468163785,0.3243950749997512,0.35246935477513697,0.49130832570905764,0.36879327306814175,0.4319069201640277,0.3555072831739404,0.34793351302785264,0.4733134342013472,0.17156847836004746,0.6374437481599865,0.20706797263375498,0.3037434325744308,0.4044535675833409,0.2855492554713582,0.417289927484509,0.7075609384189775,0.46650322553836887,0.601679557135642,0.5426691256601559,0.38538534283983805,0.4889312302343397,0.22880259200983177,0.19811312807985512,0.15548968342520275,0.32331761680240034,0.29423949001035665,0.25695203641495556,0.34182925003742326,0.2159292208618378,0.33964780241861825,0.5718858886730271,0.15755590325314558,0.45821325648414984,0.5612701206471352,0.372754760808186,0.35224058796472996,0.2980251857615988,0.3037594658780302,0.246319474197577,0.7028186412128018,0.5693982074263765,0.790180997366551,0.7150413714722721,0.5290146212152591,0.5292430278884462,0.4917472409414982,0.4049071053751241,0.48836756735718523,0.3472790247147917,0.5392117720869218,0.4397606984778745,0.4917911368966794,0.48677948977014396,0.6217444167146605,0.4127717199074308,0.6064654983089559,0.621912365530942,0.35488879400690915,0.5644432976390144,0.9733188720173536,0.43191337117778944,0.6577478497507101,0.6248495759244462,0.6835531564897903,0.5319779724010513,0.576483002627713,0.5366438247685014,0.4518360393275724,0.47675285676857654,0.8174142939518892,0.6171320107763899,0.4927803499960763,0.6132088899733626,0.5331887029038871,0.33779573885282743,0.3434279747010029,0.9106909263883934,0.8951333083957846,0.8395268718419844,0.8324457141513538,0.9133968099945419,0.9210833527901005,0.9173143807651596,0.5993962432915921,0.4725630090749237,0.708322559960285,0.5430527794819022,0.814674573122812,0.9194441028163818,0.4791633543554684
0.6514838175990073,0.7300236726411904,0.6164764893575114,0.5824424666912423,0.5856317993705549,0.5577814285364,0.7382132388430434,0.4808446296393973,0.6364833786326574,0,0.7845833185300979,0.576695059625213,0.5984213493704191,0.5767958094726431,0.7061089837997054,0.8287923682879237,0.4953271028037383,0.6287005839398554,0.7406829606517594,0.565304900574515,0.6483307802352226,0.6246035096182838,0.5566410904065195,0.44668656432453,0.5269973612435417,0.42153539854471334,0.5326673349176136,0.6039055505819159,0.5209546566698622,0.7809952518961584,0.3236629016452628,0.5808551402425237,0.5556850205939735,0.3869655012281709,0.5330390739945055,0.5773601122388362,0.4975357517976893,0.4669614158122753,0.42783511333261415,0.662557781201849,0.6306900560352147,0.4443785156528137,0.6484113293639753,0.6072872492907486,0.6530532639010785,0.5712174004856931,0.543106921771407,0.5419786675655502,0.5058376586451793,0.8681949778434269,0.48731671235260843,0.4225774955058538,0.6215290985165463,0.47355348860785157,0.46938419129111525,0.5209532832883901,0.6143729838947903,0.5637005408482778,0.7588718854019334,0.6302212768728228,0.5946460040840303,0.6483300073521688,0.6321986178653698,0.5771786670148182,0.6158947101999493,0.5844227077429381,0.5714891911643367,0.6006751928242281,0.6487954846810059,0.6759278947244076,0.6292814275608699,0.66689027311931,0.5932965101682149,0.6000393009346253,0.6502033853824958,0.6465645385191828,0.5769762055606908,0.5784397290386255,0.6638128654970761,0.5801484230055659,0.9416021111773218,0.6203431007414368,0.5554406139485649,0.5533184277290578,0.5479284021484119,0.6327821051510758,0.5458981165465807,0.7609290148657931,0.6085421725959492,0.6061258967264892,0.96624574709861355,0.6722028841372452,0.7308512655227983,0.5606019354998392,0.7735307593990401,0.8365010623599485,0.8355766252948043,0.7586942799603235,0.9804585243851605,0.7921125302036589,0.7524701142103782,0.9773168513921997,0.9893007977475363,0.9897358009872249,0.4912225984672964,0.5810668042554237,0.5750660247419033,0.5973176865046103,0.758165790095366,0.7834291427143214,0.5907256799983275
0.36540782069509326,0.332751875202472,0.43777427566977817,0.45030319969862315,0.42023690529532737,0.29161878974732364,0.14568361086765994,0.37363744618484934,0.22439775278695598,0.7845833185300979,0,0.3483715561800572,0.2807958397176951,0.275750294677668,0.10742478729935971,0.16376252028425942,0.3786918869644485,0.19179334016850175,0.1506008528233622,0.3284767899662871,0.4153207847917301,0.37058533524560777,0.481947598737052,0.6620811677540639,0.4810571135537207,0.5042054786970182,0.36155673766321145,0.3610208041531206,0.46731914670305164,0.19643551671280515,0.7698148744173848,0.33401943208728946,0.4543616875257359,0.5357863932306436,0.4222719399538106,0.44910473961380926,0.8213040511197965,0.5730915761252998,0.7229055258467023,0.5515656727583628,0.3003667422670463,0.5360434441881257,0.18769493076059385,0.2284178015926174,0.19477585209269005,0.3194967174577654,0.3162273046671351,0.2876654101276301,0.37122693457397793,0.2102728731942215,0.458749300361268,0.6832643202208419,0.2746450449804024,0.5624010229098971,0.6685008785720892,0.4193257311722442,0.34070621344707797,0.3273221606236326,0.19042305163103043,0.2147034930950447,0.7460908892343667,0.6112047126701494,0.8715092396387011,0.7681362145475593,0.5354820568697058,0.5449545268134997,0.5086376150310954,0.43971655523172753,0.47803482097996813,0.37140470616681504,0.5504740420732291,0.41936052810602437,0.5029595432186341,0.48504945530789917,0.6376191803060223,0.411425445095402,0.6341116395104077,0.7010167858676188,0.4063136345322488,0.6293814874133483,0.9626038521408076,0.48198640967562717,0.6896062235237573,0.6897489584907289,0.7512790414387278,0.6090917585498038,0.7261800264503822,0.524398131512756,0.5360419397116645,0.5907020075211034,0.8421939673333829,0.6213799223260692,0.46953981813171675,0.6790874350176155,0.4803678851087188,0.2458307196469901,0.25156445556946183,0.9367100767109001,0.8542257344513483,0.8304530654750135,0.8262188515709642,0.884968363449809,0.8939206971487229,0.8861735018641448,0.7186527796564317,0.5114606485439106,0.7718263718263718,0.5805126721057845,0.8117335177501153,0.9446226535268027,0.4952889847541546
0.2956288290768913,0.38371488033298645,0.2625168010752688,0.26108139224688653,0.28990562436655126,0.31860008069449325,0.39379659411075374,0.48576879683730656,0.3953391181937158,0.576695059625213,0.3483715561800572,0,0.15524360033030554,0.15623461109815204,0.2837463502283447,0.46600416405880773,0.23462070044592798,0.2975364198001678,0.387521087503973,0.20526515562303438,0.29481792717086835,0.24706454171036812,0.29968812737534567,0.47880651176856004,0.31926843823498435,0.2692186970332333,0.2694156276767869,0.2838588869747584,0.2481736140954018,0.4529809304274937,0.5802699696524449,0.34040353089533415,0.28118711545421643,0.3318460101691398,0.290967115304565,0.3088567433856743,0.6376476002818967,0.3462921409067561,0.5315780110300659,0.40180731950729354,0.18110433547740373,0.29196685652496446,0.2736307887502643,0.3260603546614124,0.3366116978315766,0.2439501654114169,0.26707961849471284,0.2513500057447053,0.19884496919917866,0.5593551294247234,0.367561554604984,0.5463215518721269,0.43790016628994194,0.3491864493603483,0.4807391500304886,0.25034474759321074,0.25182107186662994,0.25403167573292257,0.399552071668533,0.28384469306976,0.6551486557327941,0.5226709596136347,0.7617665890173961,0.6400601152208399,0.4393904720879831,0.4134465478841871,0.43311903127145623,0.417498593465831,0.43457409800218666,0.42618335606411334,0.43639718741331274,0.3675488933130343,0.4012305310502222,0.40216455861259615,0.5054912769142521,0.4587311525016956,0.5064773347897323,0.5879238668261657,0.4435103445714215,0.5421550468703606,0.9485977990770323,0.4305101175330183,0.5841379574240124,0.5887630533902044,0.647887323943662,0.5584450996097411,0.5777189184828643,0.5269523914724401,0.35813606908573176,0.4279885124686497,0.9292525995289251,0.5832617855680452,0.45645815287663666,0.5297148791292574,0.4936126136494418,0.548405327043098,0.5400714457025284,0.8976781813769112,0.944028094565729,0.8874295856161741,0.865071526428139,0.9539980952132447,0.9606990696461177,0.9548563255753478,0.6081276530696236,0.4219045507310647,0.6480027955486264,0.5044238800665168,0.8271725632150501,0.895440115823449,0.48080370398882644
0.23156496996522288,0.2803310767928919,0.28346861193876505,0.2918635643742838,0.2542196012764976,0.21309428025890745,0.27959470999607633,0.3923142879413828,0.29524376842256617,0.5984213493704191,0.2807958397176951,0.15524360033030554,0,0.08434801330048082,0.20456907902335358,0.359204050561201,0.1646017273317776,0.19650788428547927,0.2625733777566238,0.12562337921404348,0.2811291761673441,0.2328472501240812,0.32717570265883533,0.5094168104051093,0.35534977856606564,0.3046498391199805,0.23309317538896746,0.23453787827037367,0.3018883736521593,0.35638709054014883,0.613489269898944,0.22983438301842782,0.2897570019201483,0.3802911319670561,0.31730989682842947,0.2885529050776997,0.6595716673906462,0.39239971150737396,0.5602462001080649,0.4579014160604119,0.17923491682211945,0.36591720656485177,0.20200519866320088,0.273432487605716,0.26540243446231765,0.1538948047757341,0.1658453736484547,0.15824613969070342,0.15272641062114747,0.44175971829680766,0.3021283866764916,0.5609646521825076,0.3350239082223699,0.3825678173180685,0.5029922567722709,0.2254947461116466,0.18904769626352244,0.16838672206585356,0.32153749738876125,0.21418373217976858,0.673464927259067,0.5530529695024077,0.7733665635527948,0.6627927766851421,0.44623236339762407,0.4571282575370465,0.4228436073718875,0.35097563624515804,0.3785431621571876,0.30982735262444855,0.44675612458451314,0.3356431934931507,0.3877124632836408,0.37399254180199687,0.5439506141150199,0.3640564085286615,0.5275028064088172,0.6060129194132341,0.34911188322038367,0.5537729858618321,0.9532190163261115,0.39633584354276724,0.6003818908310841,0.6109192529649657,0.6660908539147485,0.512819270101294,0.5996139426110842,0.5487928585920064,0.4011005846089738,0.4636959936685333,0.9075563969080297,0.5859374048961009,0.4761611633120013,0.5491377116333184,0.49969872756701833,0.435834965162348,0.4241720269434165,0.8975749139131072,0.927563957070134,0.8710184600266723,0.8503192995636721,0.9402327624595314,0.9475082521536108,0.9419556088782244,0.6147043713039582,0.4418414371488046,0.6574884963633665,0.5161059413027917,0.8150096184284219,0.8940129944816279,0.40116464172375194
0.23599354353799332,0.2735344073292501,0.29178966328113276,0.30643158990306846,0.239688983040818,0.21836521902128705,0.2822240753679371,0.37111744438300226,0.2776543222290374,0.5767958094726431,0.275750294677668,0.15623461109815204,0.08434801330048082,0,0.1979112624906954,0.359727229792773,0.16287638761763948,0.19392132125243722,0.27679737838496116,0.1226121615709911,0.28608359507127323,0.23650035753004406,0.3233473547416299,0.4946522847260149,0.32714794914082035,0.2885350390709174,0.20503348455389933,0.26205183384476416,0.31327361563517914,0.3428766671379424,0.5884543990558964,0.2125614866095828,0.2917434503021946,0.3728801681850035,0.33910712956299477,0.2891638925073576,0.627893866987816,0.3720394657099222,0.532137861450618,0.4594409276242485,0.16858742999377724,0.33134219880304805,0.1819191423018602,0.22120166930274215,0.23251549319615938,0.1529305295441119,0.1417635251832143,0.13259725756127888,0.16473092406644765,0.4441051393412957,0.30221576841511444,0.5443384078039831,0.31574744609962274,0.3737017109001874,0.48621995664705464,0.20519758003646202,0.18131234308203842,0.14250785888927697,0.30749100425253517,0.1896224645083283,0.6807236116829816,0.5641016020710614,0.7616530983388461,0.6583982285472595,0.451884411491227,0.45224229754616496,0.4233038847329881,0.3570091697762292,0.3729384802049162,0.29906721691446664,0.44177958594442074,0.3621219220157218,0.38682580196762173,0.370009622831929,0.5394807564905438,0.32998403605972393,0.5191758099006735,0.6113603356462805,0.32750221186905737,0.5907180981943445,0.9567143898068099,0.4008390625343203,0.6019557089444924,0.6062677556818182,0.65984503190519594,0.5116219952018557,0.5903788856587978,0.5783218856549884,0.4074357350287415,0.46121178796635354,0.9368666188965094,0.6168156616922511,0.5044849914382591,0.549534853481802,0.5310002882675122,0.43547597864768683,0.4257222633768306,0.898249655192026,0.9522943261299125,0.8910514327800434,0.8673174563101349,0.9591654632336538,0.9653379160067842,0.9602734274410656,0.6183055991962978,0.45345274846524947,0.6669882307543894,0.5344383225850792,0.8251917642309246,0.8840009068022098,0.40110403909384335
0.2880489689189992,0.3046150795617905,0.35878635859341085,0.37441823918378203,0.33943045282544326,0.21232155593039972,0.12613123405368865,0.35309199226690785,0.20401847169203433,0.7061089837997054,0.10742478729935971,0.2837463502283447,0.20456907902335358,0.1979112624906954,0,0.2009043424027442,0.3084110030160782,0.1303151964155003,0.1429336991704358,0.2576112961486138,0.34416250757964456,0.2981200240851007,0.4113275780328339,0.5887480190174327,0.41458937098421017,0.43385006966615103,0.32048223031520784,0.29420484314101336,0.39649864328950113,0.23580567317761691,0.7112057208590776,0.26488986784140967,0.3764815389388768,0.4622330579258657,0.3492640899844442,0.3924595966652694,0.7667254933418899,0.5089496712604413,0.6663857906290884,0.5070823537750895,0.2701197705398075,0.47821119813693935,0.1510629049284842,0.24445473918280367,0.2051448592573619,0.2486823771733204,0.24308657012676502,0.21525497311678338,0.29510176694251844,0.2607230392156863,0.39251664150599297,0.6273613283600048,0.2656642275769028,0.4941235513124263,0.606041086751478,0.3446398706969122,0.2730694325915228,0.2553704330175913,0.2398809523809524,0.17639565683320865,0.6976170702101834,0.5766323024054982,0.8353021541215683,0.7360907847700391,0.5179922365859629,0.5229661627069835,0.48349980896239286,0.4024724493625539,0.45075444623211725,0.3290163091631026,0.51885863175622,0.395905377637448,0.47474747474747475,0.4585327134595759,0.6084216108078142,0.38714726431358315,0.6024454148471615,0.6449948400412797,0.3618303402083085,0.5765867659041434,0.9606734257278393,0.43911517600765715,0.6519727255536646,0.6440787212100378,0.696393934050432,0.5549519626255258,0.6675943500588051,0.4924455459701635,0.4712012278859359,0.527274371700225,0.822280840153831,0.5787723462566079,0.4430610252416108,0.6358923412467313,0.46448757538934904,0.27422063382707546,0.2534694282470431,0.9212332037378078,0.8467531689191214,0.814483255783472,0.8133936505372001,0.878614618430158,0.8882258958557501,0.8828413075443954,0.6640046404192951,0.4515532670212887,0.7325153659899423,0.5244192873046291,0.7858338876528201,0.9303121435237997,0.46522957365589823
0.42947424710143167,0.37766841284136027,0.505766550307755,0.517596141956226,0.4847231955150666,0.34856614246068457,0.20105496266455972,0.4344389388883271,0.29482768906476825,0.8287923682879237,0.16376252028425942,0.46600416405880773,0.359204050561201,0.359727229792773,0.2009043424027442,0,0.41710195619694,0.21932218359697891,0.12060274032520858,0.37879278307258885,0.4705552840780425,0.4507508909357957,0.5235125948270041,0.7174731212996146,0.5596164360516466,0.5694320014334349,0.47026242489568104,0.41286877306876785,0.5421306632086949,0.23045616809497785,0.8101127682793743,0.38102465513170763,0.5073549960620919,0.5881857902078554,0.4770488392868069,0.490330949292523,0.8620794180054562,0.6175067264573991,0.7568512921520019,0.5839553590839915,0.42727038405361284,0.6277416461089931,0.30508921693802826,0.35162193500947425,0.3182393448725107,0.36449269973476117,0.3637044289581294,0.34239599909070245,0.4397661219409138,0.23809736539385074,0.506907874357227,0.7253648439751618,0.3359013027599615,0.6115379109605382,0.7176705647293883,0.48867491976157723,0.4338265676475515,0.41019420092949027,0.30512294460670863,0.324610296617591,0.7985394964141758,0.6553365728521744,0.9105401305174946,0.7977155896894822,0.5540782043033813,0.5619914833040853,0.549313664319458,0.4658906082996422,0.4839296610639596,0.39098785280457304,0.5738547968885047,0.4269295398863505,0.5138222148650886,0.4906934454521237,0.6456535673783343,0.40849215084284307,0.6462543356028341,0.746168073300878,0.4367022806202579,0.6814392714061761,0.9646641747909522,0.5094871822688957,0.7363937852080683,0.729665150435688,0.7989041774017529,0.6437778040234636,0.7780396077311245,0.4087314642200046,0.5797405660377358,0.6329792147806005,0.8593251340271207,0.5986362677788973,0.3782052717622556,0.7138590760615959,0.37095892905928424,0.12140417165515197,0.1292028626727281,0.9429267200358282,0.6745827490021421,0.6827328658552967,0.8321205175294458,0.7506721053119496,0.7651573973423254,0.7519322527351918,0.7647903685711268,0.5033365772278604,0.813494188052492,0.5372070930968967,0.7520769618354601,0.9546706854734264,0.5280782691695832
0.21685029806536368,0.2959453161410595,0.26126126126126126,0.2511636707663198,0.19914311216899733,0.21107380573717383,0.34348446740534294,0.3524211389474943,0.3081360692672183,0.4953271028037383,0.3786918869644485,0.23462070044592798,0.1646017273317776,0.16287638761763948,0.3084110030160782,0.41710195619694,0,0.19922046172651584,0.33420882765374943,0.11449523343925691,0.24984205666520873,0.24285084769348517,0.27001409725963027,0.44854488880754095,0.3164586741950317,0.2429048699558728,0.1872150084683198,0.21921745291216063,0.2929734455250792,0.3916875977441827,0.5373353941267388,0.24995420826082976,0.28305262748453847,0.3357448207826373,0.31769052195402014,0.27643262652239314,0.5585259277400394,0.3228087285139583,0.4547068452724045,0.42767768075961526,0.23831342797766594,0.31728035622538103,0.26219760877498016,0.2740567753297219,0.30498276106361877,0.17144410585810563,0.166510208871157,0.15344099091277422,0.12943749127622947,0.4940189211316292,0.2314831340353382,0.4858909181088693,0.3349496215857447,0.3207593058747705,0.4409150796502575,0.19939284254772607,0.22976691301876065,0.1880760115860616,0.39752650176678445,0.24838162277669537,0.6346017616317147,0.520550530275391,0.7133036251365718,0.6071777160447481,0.3686588372460195,0.37763480698943575,0.3505677371053915,0.2858512564955434,0.3124689405918229,0.2899184977208916,0.3866652009014456,0.31129851762610655,0.3144530543872546,0.29539071534776146,0.4897710269209974,0.32495278564683666,0.4513162386297464,0.5631845852751316,0.33966831421204924,0.5296716129933104,0.9588526447611664,0.35150471396083105,0.5388014296785537,0.5343373493975904,0.592910823939144,0.4606969141216809,0.5518567494449769,0.5509717182762562,0.37789796286280875,0.4359625904358567,0.9334191555097837,0.5712699530796691,0.4747523115686744,0.49059138187221396,0.5045041911585684,0.46784724085502194,0.4570371134256872,0.8263881930228896,0.9368976522261194,0.8158057298172883,0.7927032445712027,0.9475566994486487,0.954403279169819,0.9489889597702502,0.5536817229711585,0.40300515810719895,0.6029640050451149,0.4819012081217105,0.7606811071573568,0.8299235651975666,0.3415301926632384
0.2676175613060889,0.29019390022217734,0.3226598565956193,0.33405541127672406,0.30383618033187204,0.19879802433885582,0.16819964981493385,0.3244907387962535,0.20052302602252578,0.6287005839398554,0.19179334016850175,0.2975364198001678,0.19650788428547927,0.19392132125243722,0.1303151964155003,0.21932218359697891,0.19922046172651584,0,0.1566440877311437,0.1789908344472026,0.31196013289036545,0.30421966759630864,0.36635172545195743,0.5471427932160916,0.40966643975493533,0.3811069106643025,0.2964073129251701,0.24875291420831216,0.34333599361532324,0.23874687413170326,0.6449358455948918,0.24638395056199902,0.36206525999064465,0.4305555555555556,0.3413404146466246,0.32880769595299025,0.6811182482118839,0.42310897359586674,0.5792060235803332,0.4669776725060418,0.2890409285277947,0.4471230612905747,0.16107876316397957,0.24493208334116143,0.23289779945658726,0.19007142945262093,0.18579686209744012,0.14997113980782506,0.24590648594560174,0.31057876240046267,0.3297470763091038,0.5823569351834119,0.2564485609003087,0.4321477346950894,0.5489457302660832,0.31198283438145563,0.27628389048286295,0.2481206237381331,0.2769924690910555,0.17572199757794701,0.6659677818437537,0.5517499601026283,0.7737052174851075,0.6605768995921159,0.43902930815670554,0.44268542949281736,0.41643644110108846,0.3496581957826796,0.3743150079547463,0.29001056201011727,0.4573313104576218,0.32827818627450983,0.3986886558133512,0.3790622044883179,0.543392105618336,0.3057721589073963,0.5279697560399315,0.608363771107935,0.32634291945236865,0.5420737823680202,0.962700128158534,0.40653024180478425,0.5942776364150409,0.5946600881980526,0.6475464933900964,0.5167606098192837,0.6276110472624732,0.5126867843974384,0.4349178768916492,0.4964875771755752,0.884296690604128,0.5575462784756973,0.4560396061683931,0.5680685738179031,0.48184754888070275,0.286304966090571,0.2760154630511513,0.8647621434239653,0.8822051297766065,0.7980994132506449,0.7781257726860628,0.9061760871320942,0.914173045697054,0.907170957277935,0.6228344220391934,0.42904271394460913,0.6646847017577107,0.5087217486289569,0.7642968804685131,0.8786322982968199,0.3911820352045011
