RTF001,RTF002,RTF003,RTF004,RTF005,RTF006,RTF007,RTF008,RTF009,RTF010,RTF011,RTF012,RTF013,RTF014,RTF015,RTF016,RTF017,RTF018,RTF019,RTF020,RTF021,RTF022,RTF023,RTF024,RTF025,RTF026,RTF027,RTF028,RTF029,RTF030,RTF031,RTF032,RTF033,RTF034,RTF035,RTF036,RTF037,RTF038,RTF039,RTF040,RTF041,RTF042,RTF043,RTF044,RTF045,RTF046,RTF047,RTF048,RTF049,RTF050,RTF051,RTF052,RTF053,RTF054,RTF055,RTF056,RTF057,RTF058,RTF059,RTF060
0,0.15307781649245064,0.11797074930055558,0.1710008508827909,0.11259785408798739,0.21116967312498452,0.27333832104219363,0.39018174739412814,0.2997682258744206,0.6514838175990073,0.36540782069509326,0.2956288290768913,0.23156496996522288,0.23599354353799332,0.2880489689189992,0.42947424710143167,0.21685029806536368,0.2676175613060889,0.34965907104143595,0.2080605959285503,0.19830285371059056,0.23193185275327047,0.2936099624963939,0.4627205873531917,0.3342052898696537,0.37485952033667297,0.2743585957818942,0.18066941821676938,0.3368233813938018,0.31856369406932605,0.6304155384294938,0.2336931074640126,0.2466195872338096,0.3462245187386699,0.29445328214769334,0.31349758219885937,0.7096651342455319,0.40331661771684346,0.5922454557548344,0.4129634430904848,0.26696474498476636,0.4720446328089457,0.30139707120013465,0.35775668920466425,0.3772272754061647,0.22015780775177268,0.24517933490223137,0.23853946505356752,0.22573950410801705,0.42993383799248974,0.27640582507237477,0.5466480472589966,0.35487454510630145,0.40366362217617113,0.5414888393700192,0.2997818253131665,0.2685270172008916,0.2638686340931274,0.38241883099482277,0.2863785049285066
0.15307781649245064,0,0.20907549948592546,0.24576094074373372,0.21370045607203064,0.22417068348345243,0.29057500866722796,0.4288634766498435,0.3360735485422565,0.7300236726411904,0.332751875202472,0.38371488033298645,0.2803310767928919,0.2735344073292501,0.3046150795617905,0.37766841284136027,0.2959453161410595,0.29019390022217734,0.32290654750340003,0.2594526225140612,0.3098681923909847,0.34816847025351827,0.40310223325684336,0.5996195910603899,0.4339328690516329,0.4520131173705408,0.3300238753752689,0.2348859668672461,0.40882111222719386,0.2859223427219058,0.7381325555722132,0.28761427676894175,0.34819389587073607,0.45380315792185044,0.39352795373175437,0.3912509675180826,0.7921773997916637,0.4921371833404895,0.6693503609106052,0.46581271964937515,0.3510555985409528,0.5518649401246207,0.3151554767018396,0.3957517013817282,0.4127466628712016,0.24081860725012222,0.2521423608430479,0.2545415361991811,0.29478781700012746,0.37139802590686455,0.3408471891417566,0.6195590300178362,0.410123097338998,0.4832666497169849,0.6203874295941464,0.38924791727985875,0.318043953858393,0.2942301714449678,0.3792320534223706,0.3046246191623846
0.11797074930055558,0.20907549948592546,0,0.07954867914330113,0.12945209827947432,0.2534572630785656,0.3363535592076727,0.4237542820854539,0.33592291028609844,0.6164764893575114,0.43777427566977817,0.2625168010752688,0.28346861193876505,0.29178966328113276,0.35878635859341085,0.505766550307755,0.26126126126126126,0.3226598565956193,0.404331788517923,0.26121489222730243,0.22331836236662425,0.2369695173163381,0.2450933752942755,0.4350546587782728,0.30140634384597076,0.3458528951486698,0.3304313779681706,0.2545838905906208,0.3087226588948747,0.40698056461192406,0.5856887771972753,0.27292219975146803,0.21182348275046273,0.30453942261949474,0.23769571955325175,0.31109556022082263,0.6576731064430031,0.37813965607087024,0.555525553537238,0.4153222089056882,0.319965687325756,0.4410253295268177,0.34269202766654533,0.3981776398016369,0.41627317461106417,0.30306027066935803,0.31564727954971855,0.3063921592800345,0.2637605015984734,0.49790744369451095,0.2979851301941521,0.5054814374372887,0.38108110726777705,0.35189636578615696,0.500869342879059,0.33297667185069985,0.3343976777939042,0.31290029578219253,0.44923003410004125,0.33688855381613375
0.1710008508827909,0.24576094074373372,0.07954867914330113,0,0.14173689436565928,0.28251945500793313,0.38373090162449425,0.43513557104711387,0.37102707789707834,0.5824424666912423,0.45030319969862315,0.26108139224688653,0.2918635643742838,0.30643158990306846,0.37441823918378203,0.517596141956226,0.2511636707663198,0.33405541127672406,0.42170816396667576,0.2753015756591442,0.27472441662220026,0.282790386686973,0.28082660797260944,0.46241991579718106,0.3418368505940347,0.32771494588349753,0.3243533363343606,0.28308526595130956,0.3081772148161271,0.46227813462050094,0.5769985677152406,0.30819115545731,0.26964943619515463,0.32098347076320644,0.2662121070045947,0.3355161437016826,0.6400221883233949,0.3669196306116851,0.5340264533989542,0.4165170082400169,0.33971266144314377,0.4227537326156319,0.35616797600994266,0.3991980689014352,0.4150447237882742,0.32074549011084547,0.321897453259602,0.3139382554316929,0.2573259959503609,0.5362118511512859,0.3225439964357318,0.5071066226090194,0.412861136999068,0.3322737812980381,0.49009856573398786,0.3390874847207324,0.34780974551097854,0.313972896945362,0.4608243271187732,0.34231901772320683
0.11259785408798739,0.21370045607203064,0.12945209827947432,0.14173689436565928,0,0.2244902808801863,0.3433320006853618,0.3884247799779978,0.31425431008162186,0.5856317993705549,0.42023690529532737,0.28990562436655126,0.2542196012764976,0.239688983040818,0.33943045282544326,0.4847231955150666,0.19914311216899733,0.30383618033187204,0.3873649490087846,0.2252925436811798,0.21744885827398974,0.22603580742109386,0.2619900612504334,0.41567564450083627,0.2992068281748427,0.3081857898367441,0.24330594066989836,0.21510136867964258,0.31957454440106503,0.405757441774315,0.5475709259675126,0.24537405778531934,0.23922205062429652,0.30043706397242587,0.2857268800141056,0.28598176589365476,0.6161852719229769,0.34282797722269365,0.5144434757337983,0.4257561072591267,0.27751178038581553,0.4078099097439676,0.3156739099866959,0.3379978990179354,0.3659552613558548,0.25911747441492483,0.25371897892282747,0.24773533806499815,0.20744624696484498,0.4989624296343854,0.24394372156987199,0.49044881222979897,0.34490246663820784,0.33695652173913043,0.47432009568799915,0.240685789647214,0.26792695089935686,0.23492916625194918,0.4141631567509391,0.29195208190405825
0.21116967312498452,0.22417068348345243,0.2534572630785656,0.28251945500793313,0.2244902808801863,0,0.203212487981449,0.31768078353752177,0.18105692205250307,0.5577814285364,0.29161878974732364,0.31860008069449325,0.21309428025890745,0.21836521902128705,0.21232155593039972,0.34856614246068457,0.21107380573717383,0.19879802433885582,0.2764770593268365,0.21475371832257592,0.281890183996992,0.2693781621571556,0.30488614257924246,0.46205242419050885,0.3265279972664759,0.35161657559198545,0.2742094593862131,0.22581592079630666,0.3660545080235047,0.31365104148184947,0.5848865628163034,0.14313472242859265,0.2182848859783087,0.3272128225872642,0.19255927536412454,0.336094459582198,0.6479670612454966,0.38088573549635507,0.5199631697070841,0.45700656519707883,0.30212329879900524,0.41229310108978157,0.25189416265686454,0.3244186157654773,0.30472435002452736,0.20788629995203595,0.20870675617099543,0.20472932365586427,0.24673967321248155,0.3536550753266805,0.23088374043400775,0.5138573134592419,0.25971754221215637,0.37728839897052396,0.49419459756782935,0.29005408934066956,0.2704196891779904,0.20857114687291173,0.3736652614087454,0.2501856597458292
0.27333832104219363,0.29057500866722796,0.3363535592076727,0.38373090162449425,0.3433320006853618,0.203212487981449,0,0.3225145738144005,0.12806954214187455,0.7382132388430434,0.14568361086765994,0.39379659411075374,0.27959470999607633,0.2822240753679371,0.12613123405368865,0.20105496266455972,0.34348446740534294,0.16819964981493385,0.14689313941782509,0.3171783454417624,0.2968029081418651,0.2944715555852664,0.3786121117978209,0.5626154658221166,0.4253913617016891,0.5019787110424134,0.39923453381854684,0.30590983951893985,0.46806902304243564,0.16880487693917473,0.7251969903430298,0.21359714763623558,0.3357471449650948,0.45863220101953356,0.308314004925755,0.39922751175019777,0.7904834712272352,0.5286265341905318,0.6866151153258148,0.5254429348788348,0.3425741624499388,0.5682344547500138,0.21509090533021696,0.2781059610007222,0.22963843305754902,0.29635503044536177,0.2885958981293667,0.2576386185417941,0.36506056407276627,0.20589521560395346,0.39340494679612437,0.6332606118908147,0.19367137206582202,0.5144426434060616,0.6252154924721296,0.40772724723826614,0.34461572100142124,0.31953012760922844,0.25099135538107703,0.23882165154668336
0.39018174739412814,0.4288634766498435,0.4237542820854539,0.43513557104711387,0.3884247799779978,0.31768078353752177,0.3225145738144005,0,0.1991835864316939,0.4808446296393973,0.37363744618484934,0.48576879683730656,0.3923142879413828,0.37111744438300226,0.35309199226690785,0.4344389388883271,0.3524211389474943,0.3244907387962535,0.3752711141666871,0.3835668042086082,0.44209011209490995,0.4244650433110382,0.41388884242920937,0.49632128809199705,0.420645263827082,0.42210150964774884,0.3712379957407482,0.4229843000354696,0.4991235135263183,0.30213910615003725,0.49797706754297627,0.328821263546654,0.42467155151935976,0.36221323685890616,0.4059529208796877,0.4769742861375182,0.6809149470466208,0.4855234047762708,0.550494234629177,0.5886404876415975,0.4827681475870059,0.469827873774101,0.34312874001003973,0.25149661206499574,0.27238913974759754,0.3997881774283304,0.35188477800369217,0.3257968865826538,0.3790310991639828,0.2971040400429031,0.334603144742824,0.41476110801264177,0.2790222007584904,0.4815817039106145,0.5609798216151343,0.4178618655274133,0.42682308338252534,0.35928274655587145,0.3977436593434558,0.3465213274592505
0.2997682258744206,0.3360735485422565,0.33592291028609844,0.37102707789707834,0.31425431008162186,0.18105692205250307,0.12806954214187455,0.1991835864316939,0,0.6364833786326574,0.22439775278695598,0.3953391181937158,0.29524376842256617,0.2776543222290374,0.20401847169203433,0.29482768906476825,0.3081360692672183,0.20052302602252578,0.22228520372380797,0.29949090606227813,0.3355983468163785,0.3243950749997512,0.35246935477513697,0.49130832570905764,0.36879327306814175,0.4319069201640277,0.3555072831739404,0.34793351302785264,0.4733134342013472,0.17156847836004746,0.6374437481599865,0.20706797263375498,0.3037434325744308,0.4044535675833409,0.2855492554713582,0.417289927484509,0.7075609384189775,0.46650322553836887,0.601679557135642,0.5426691256601559,0.38538534283983805,0.4889312302343397,0.22880259200983177,0.19811312807985512,0.15548968342520275,0.32331761680240034,0.29423949001035665,0.25695203641495556,0.34182925003742326,0.2159292208618378,0.33964780241861825,0.5718858886730271,0.15755590325314558,0.45821325648414984,0.5612701206471352,0.372754760808186,0.35224058796472996,0.2980251857615988,0.3037594658780302,0.246319474197577
0.6514838175990073,0.7300236726411904,0.6164764893575114,0.5824424666912423,0.5856317993705549,0.5577814285364,0.7382132388430434,0.4808446296393973,0.6364833786326574,0,0.7845833185300979,0.576695059625213,0.5984213493704191,0.5767958094726431,0.7061089837997054,0.8287923682879237,0.4953271028037383,0.6287005839398554,0.7406829606517594,0.565304900574515,0.6483307802352226,0.6246035096182838,0.5566410904065195,0.44668656432453,0.5269973612435417,0.42153539854471334,0.5326673349176136,0.6039055505819159,0.5209546566698622,0.7809952518961584,0.3236629016452628,0.5808551402425237,0.5556850205939735,0.3869655012281709,0.5330390739945055,0.5773601122388362,0.4975357517976893,0.4669614158122753,0.42783511333261415,0.662557781201849,0.6306900560352147,0.4443785156528137,0.6484113293639753,0.6072872492907486,0.6530532639010785,0.5712174004856931,0.543106921771407,0.5419786675655502,0.5058376586451793,0.8681949778434269,0.48731671235260843,0.4225774955058538,0.6215290985165463,0.47355348860785157,0.46938419129111525,0.5209532832883901,0.6143729838947903,0.5637005408482778,0.7588718854019334,0.6302212768728228
0.36540782069509326,0.332751875202472,0.43777427566977817,0.45030319969862315,0.42023690529532737,0.29161878974732364,0.14568361086765994,0.37363744618484934,0.22439775278695598,0.7845833185300979,0,0.3483715561800572,0.2807958397176951,0.275750294677668,0.10742478729935971,0.16376252028425942,0.3786918869644485,0.19179334016850175,0.1506008528233622,0.3284767899662871,0.4153207847917301,0.37058533524560777,0.481947598737052,0.6620811677540639,0.4810571135537207,0.5042054786970182,0.36155673766321145,0.3610208041531206,0.46731914670305164,0.19643551671280515,0.7698148744173848,0.33401943208728946,0.4543616875257359,0.5357863932306436,0.4222719399538106,0.44910473961380926,0.8213040511197965,0.5730915761252998,0.7229055258467023,0.5515656727583628,0.3003667422670463,0.5360434441881257,0.18769493076059385,0.2284178015926174,0.19477585209269005,0.3194967174577654,0.3162273046671351,0.2876654101276301,0.37122693457397793,0.2102728731942215,0.458749300361268,0.6832643202208419,0.2746450449804024,0.5624010229098971,0.6685008785720892,0.4193257311722442,0.34070621344707797,0.3273221606236326,0.19042305163103043,0.2147034930950447
0.2956288290768913,0.38371488033298645,0.2625168010752688,0.26108139224688653,0.28990562436655126,0.31860008069449325,0.39379659411075374,0.48576879683730656,0.3953391181937158,0.576695059625213,0.3483715561800572,0,0.15524360033030554,0.15623461109815204,0.2837463502283447,0.46600416405880773,0.23462070044592798,0.2975364198001678,0.387521087503973,0.20526515562303438,0.29481792717086835,0.24706454171036812,0.29968812737534567,0.47880651176856004,0.31926843823498435,0.2692186970332333,0.2694156276767869,0.2838588869747584,0.2481736140954018,0.4529809304274937,0.5802699696524449,0.34040353089533415,0.28118711545421643,0.3318460101691398,0.290967115304565,0.3088567433856743,0.6376476002818967,0.3462921409067561,0.5315780110300659,0.40180731950729354,0.18110433547740373,0.29196685652496446,0.2736307887502643,0.3260603546614124,0.3366116978315766,0.2439501654114169,0.26707961849471284,0.2513500057447053,0.19884496919917866,0.5593551294247234,0.367561554604984,0.5463215518721269,0.43790016628994194,0.3491864493603483,0.4807391500304886,0.25034474759321074,0.25182107186662994,0.25403167573292257,0.399552071668533,0.28384469306976
0.23156496996522288,0.2803310767928919,0.28346861193876505,0.2918635643742838,0.2542196012764976,0.21309428025890745,0.27959470999607633,0.3923142879413828,0.29524376842256617,0.5984213493704191,0.2807958397176951,0.15524360033030554,0,0.08434801330048082,0.20456907902335358,0.359204050561201,0.1646017273317776,0.19650788428547927,0.2625733777566238,0.12562337921404348,0.2811291761673441,0.2328472501240812,0.32717570265883533,0.5094168104051093,0.35534977856606564,0.3046498391199805,0.23309317538896746,0.23453787827037367,0.3018883736521593,0.35638709054014883,0.613489269898944,0.22983438301842782,0.2897570019201483,0.3802911319670561,0.31730989682842947,0.2885529050776997,0.6595716673906462,0.39239971150737396,0.5602462001080649,0.4579014160604119,0.17923491682211945,0.36591720656485177,0.20200519866320088,0.273432487605716,0.26540243446231765,0.1538948047757341,0.1658453736484547,0.15824613969070342,0.15272641062114747,0.44175971829680766,0.3021283866764916,0.5609646521825076,0.3350239082223699,0.3825678173180685,0.5029922567722709,0.2254947461116466,0.18904769626352244,0.16838672206585356,0.32153749738876125,0.21418373217976858
0.23599354353799332,0.2735344073292501,0.29178966328113276,0.30643158990306846,0.239688983040818,0.21836521902128705,0.2822240753679371,0.37111744438300226,0.2776543222290374,0.5767958094726431,0.275750294677668,0.15623461109815204,0.08434801330048082,0,0.1979112624906954,0.359727229792773,0.16287638761763948,0.19392132125243722,0.27679737838496116,0.1226121615709911,0.28608359507127323,0.23650035753004406,0.3233473547416299,0.4946522847260149,0.32714794914082035,0.2885350390709174,0.20503348455389933,0.26205183384476416,0.31327361563517914,0.3428766671379424,0.5884543990558964,0.2125614866095828,0.2917434503021946,0.3728801681850035,0.33910712956299477,0.2891638925073576,0.627893866987816,0.3720394657099222,0.532137861450618,0.4594409276242485,0.16858742999377724,0.33134219880304805,0.1819191423018602,0.22120166930274215,0.23251549319615938,0.1529305295441119,0.1417635251832143,0.13259725756127888,0.16473092406644765,0.4441051393412957,0.30221576841511444,0.5443384078039831,0.31574744609962274,0.3737017109001874,0.48621995664705464,0.20519758003646202,0.18131234308203842,0.14250785888927697,0.30749100425253517,0.1896224645083283
0.2880489689189992,0.3046150795617905,0.35878635859341085,0.37441823918378203,0.33943045282544326,0.21232155593039972,0.12613123405368865,0.35309199226690785,0.20401847169203433,0.7061089837997054,0.10742478729935971,0.2837463502283447,0.20456907902335358,0.1979112624906954,0,0.2009043424027442,0.3084110030160782,0.1303151964155003,0.1429336991704358,0.2576112961486138,0.34416250757964456,0.2981200240851007,0.4113275780328339,0.5887480190174327,0.41458937098421017,0.43385006966615103,0.32048223031520784,0.29420484314101336,0.39649864328950113,0.23580567317761691,0.7112057208590776,0.26488986784140967,0.3764815389388768,0.4622330579258657,0.3492640899844442,0.3924595966652694,0.7667254933418899,0.5089496712604413,0.6663857906290884,0.5070823537750895,0.2701197705398075,0.47821119813693935,0.1510629049284842,0.24445473918280367,0.2051448592573619,0.2486823771733204,0.24308657012676502,0.21525497311678338,0.29510176694251844,0.2607230392156863,0.39251664150599297,0.6273613283600048,0.2656642275769028,0.4941235513124263,0.606041086751478,0.3446398706969122,0.2730694325915228,0.2553704330175913,0.2398809523809524,0.17639565683320865
0.42947424710143167,0.37766841284136027,0.505766550307755,0.517596141956226,0.4847231955150666,0.34856614246068457,0.20105496266455972,0.4344389388883271,0.29482768906476825,0.8287923682879237,0.16376252028425942,0.46600416405880773,0.359204050561201,0.359727229792773,0.2009043424027442,0,0.41710195619694,0.21932218359697891,0.12060274032520858,0.37879278307258885,0.4705552840780425,0.4507508909357957,0.5235125948270041,0.7174731212996146,0.5596164360516466,0.5694320014334349,0.47026242489568104,0.41286877306876785,0.5421306632086949,0.23045616809497785,0.8101127682793743,0.38102465513170763,0.5073549960620919,0.5881857902078554,0.4770488392868069,0.490330949292523,0.8620794180054562,0.6175067264573991,0.7568512921520019,0.5839553590839915,0.42727038405361284,0.6277416461089931,0.30508921693802826,0.35162193500947425,0.3182393448725107,0.36449269973476117,0.3637044289581294,0.34239599909070245,0.4397661219409138,0.23809736539385074,0.506907874357227,0.7253648439751618,0.3359013027599615,0.6115379109605382,0.7176705647293883,0.48867491976157723,0.4338265676475515,0.41019420092949027,0.30512294460670863,0.324610296617591
0.21685029806536368,0.2959453161410595,0.26126126126126126,0.2511636707663198,0.19914311216899733,0.21107380573717383,0.34348446740534294,0.3524211389474943,0.3081360692672183,0.4953271028037383,0.3786918869644485,0.23462070044592798,0.1646017273317776,0.16287638761763948,0.3084110030160782,0.41710195619694,0,0.19922046172651584,0.33420882765374943,0.11449523343925691,0.24984205666520873,0.24285084769348517,0.27001409725963027,0.44854488880754095,0.3164586741950317,0.2429048699558728,0.1872150084683198,0.21921745291216063,0.2929734455250792,0.3916875977441827,0.5373353941267388,0.24995420826082976,0.28305262748453847,0.3357448207826373,0.31769052195402014,0.27643262652239314,0.5585259277400394,0.3228087285139583,0.4547068452724045,0.42767768075961526,0.23831342797766594,0.31728035622538103,0.26219760877498016,0.2740567753297219,0.30498276106361877,0.17144410585810563,0.166510208871157,0.15344099091277422,0.12943749127622947,0.4940189211316292,0.2314831340353382,0.4858909181088693,0.3349496215857447,0.3207593058747705,0.4409150796502575,0.19939284254772607,0.22976691301876065,0.1880760115860616,0.39752650176678445,0.24838162277669537
0.2676175613060889,0.29019390022217734,0.3226598565956193,0.33405541127672406,0.30383618033187204,0.19879802433885582,0.16819964981493385,0.3244907387962535,0.20052302602252578,0.6287005839398554,0.19179334016850175,0.2975364198001678,0.19650788428547927,0.19392132125243722,0.1303151964155003,0.21932218359697891,0.19922046172651584,0,0.1566440877311437,0.1789908344472026,0.31196013289036545,0.30421966759630864,0.36635172545195743,0.5471427932160916,0.40966643975493533,0.3811069106643025,0.2964073129251701,0.24875291420831216,0.34333599361532324,0.23874687413170326,0.6449358455948918,0.24638395056199902,0.36206525999064465,0.4305555555555556,0.3413404146466246,0.32880769595299025,0.6811182482118839,0.42310897359586674,0.5792060235803332,0.4669776725060418,0.2890409285277947,0.4471230612905747,0.16107876316397957,0.24493208334116143,0.23289779945658726,0.19007142945262093,0.18579686209744012,0.14997113980782506,0.24590648594560174,0.31057876240046267,0.3297470763091038,0.5823569351834119,0.2564485609003087,0.4321477346950894,0.5489457302660832,0.31198283438145563,0.27628389048286295,0.2481206237381331,0.2769924690910555,0.17572199757794701
0.34965907104143595,0.32290654750340003,0.404331788517923,0.42170816396667576,0.3873649490087846,0.2764770593268365,0.14689313941782509,0.3752711141666871,0.22228520372380797,0.7406829606517594,0.1506008528233622,0.387521087503973,0.2625733777566238,0.27679737838496116,0.1429336991704358,0.12060274032520858,0.33420882765374943,0.1566440877311437,0,0.29279403644395363,0.39875995241145784,0.3769131396290863,0.46558537879362055,0.6423414465435995,0.49242047839709596,0.4843819026172031,0.3957784726793943,0.34875805543389854,0.45477297104040043,0.23076235588524444,0.7434143958689509,0.3118754055807917,0.41647716908858756,0.5162648466583939,0.39880323829637454,0.4065384263913004,0.7982319292771711,0.5420138171635797,0.694515208918501,0.5510677001865434,0.338196879486033,0.5565145156592192,0.21839197411530087,0.2887672232867962,0.2456002811494688,0.29233327394738406,0.28779558940749267,0.2632004634234313,0.34523495827843653,0.2593173709323819,0.44066800187327493,0.665548155303608,0.26473980297041033,0.544177419539506,0.6504435766044381,0.40184897468954195,0.3358335661630381,0.31107925030129246,0.24735506539137225,0.23061626265237536
0.2080605959285503,0.2594526225140612,0.26121489222730243,0.2753015756591442,0.2252925436811798,0.21475371832257592,0.3171783454417624,0.3835668042086082,0.29949090606227813,0.565304900574515,0.3284767899662871,0.20526515562303438,0.12562337921404348,0.1226121615709911,0.2576112961486138,0.37879278307258885,0.11449523343925691,0.1789908344472026,0.29279403644395363,0,0.24927565443047542,0.24547462428578287,0.31099911058404983,0.46670611906734527,0.31634782032742004,0.2760365673842524,0.18512704357381535,0.22215884587025778,0.27668535329102756,0.36017084366332014,0.5796225737341082,0.25390282614360504,0.2892009541650382,0.3667145046337963,0.3534120938908752,0.2754622060118224,0.6241644899872748,0.35897046925566345,0.5248389405869721,0.42613672658515706,0.19422497141074957,0.34558641136795853,0.22839287297225425,0.2631848438300051,0.2913473027715443,0.11839392865114691,0.15566140909422316,0.14693442289028147,0.1462803747320762,0.4749582441365358,0.3023558082859464,0.5402436806692126,0.34887686754521424,0.36061129534593417,0.49029343130926967,0.20809003977320809,0.18147817086940157,0.19109478791176404,0.3627390761019211,0.22766371298897775
0.19830285371059056,0.3098681923909847,0.22331836236662425,0.27472441662220026,0.21744885827398974,0.281890183996992,0.2968029081418651,0.44209011209490995,0.3355983468163785,0.6483307802352226,0.4153207847917301,0.29481792717086835,0.2811291761673441,0.28608359507127323,0.34416250757964456,0.4705552840780425,0.24984205666520873,0.31196013289036545,0.39875995241145784,0.24927565443047542,0,0.09926488137858609,0.15682737316213316,0.3358280966838476,0.2073565742519901,0.3339197541723843,0.30297758447641354,0.2148019179482928,0.3332202910837926,0.36812824829807483,0.5645422440939862,0.22321407541748123,0.2110484810346905,0.2808366582033611,0.26878121620925804,0.2739318482962074,0.6390082908587627,0.3732284651723791,0.5404943777577454,0.46666497378144006,0.27161673553719007,0.4102904388880407,0.34610298007406104,0.38069852220610717,0.3871426223326597,0.2648566843663975,0.2956439805754874,0.288003144841388,0.2633897574640266,0.48649217598765,0.2580996196653486,0.4956910598544375,0.3023830405220622,0.309154708941663,0.45096974781621674,0.2559760597065151,0.2877958649078492,0.27218001037133904,0.4463619697831721,0.3247624371157071
0.23193185275327047,0.34816847025351827,0.2369695173163381,0.282790386686973,0.22603580742109386,0.2693781621571556,0.2944715555852664,0.4244650433110382,0.3243950749997512,0.6246035096182838,0.37058533524560777,0.24706454171036812,0.2328472501240812,0.23650035753004406,0.2981200240851007,0.4507508909357957,0.24285084769348517,0.30421966759630864,0.3769131396290863,0.24547462428578287,0.09926488137858609,0,0.14842403002062227,0.3390848555745523,0.17192450605783097,0.303479128592091,0.26595153639044405,0.24453764991152763,0.31723251579736533,0.38611279280957483,0.5525175139322268,0.1995272399819901,0.21244037397443236,0.272196315619373,0.25018992770493814,0.2843048472427434,0.6198510162010396,0.36308340716971194,0.5246730285377519,0.48289332059453116,0.23186588992945456,0.3601203507235638,0.3035853880120851,0.33466075304331416,0.33317187223459055,0.27434067638845794,0.2932832033953038,0.285446041446178,0.23587925908986965,0.4849718221665623,0.231354469241981,0.47736769410983093,0.28898669600880267,0.30000836110414353,0.4270517075007649,0.20005049751529272,0.2434759274581274,0.1956127472147854,0.3965196276811008,0.28516616127235594
0.2936099624963939,0.40310223325684336,0.2450933752942755,0.28082660797260944,0.2619900612504334,0.30488614257924246,0.3786121117978209,0.41388884242920937,0.35246935477513697,0.5566410904065195,0.481947598737052,0.29968812737534567,0.32717570265883533,0.3233473547416299,0.4113275780328339,0.5235125948270041,0.27001409725963027,0.36635172545195743,0.46558537879362055,0.31099911058404983,0.15682737316213316,0.14842403002062227,0,0.20492432246082673,0.10335562082109605,0.26922821098374833,0.30343610286112904,0.3025403559602649,0.3317395955780381,0.4452588339527552,0.47359078915807146,0.2550830764436827,0.22824994976893712,0.2284348510604315,0.2487201520084234,0.32482546708892057,0.5210648552805733,0.319571775004436,0.4382583948639231,0.47127974768230907,0.36071762378160543,0.34216894216894217,0.39315837331075787,0.3762606671838635,0.40263910676386455,0.34192077654672026,0.3408720433171844,0.33828327145910675,0.30601173186251795,0.550509126690179,0.2189942305331642,0.3841834833768012,0.2951776832696605,0.23408624229979466,0.33124018838304553,0.2480317640385706,0.35494997512575316,0.28212794584031864,0.5118219053246142,0.3739371854936665
0.4627205873531917,0.5996195910603899,0.4350546587782728,0.46241991579718106,0.41567564450083627,0.46205242419050885,0.5626154658221166,0.49632128809199705,0.49130832570905764,0.44668656432453,0.6620811677540639,0.47880651176856004,0.5094168104051093,0.4946522847260149,0.5887480190174327,0.7174731212996146,0.44854488880754095,0.5471427932160916,0.6423414465435995,0.46670611906734527,0.3358280966838476,0.3390848555745523,0.20492432246082673,0,0.18521984134410446,0.3631585353708601,0.434299098947013,0.4879254488428824,0.4298742718574554,0.6252842409904219,0.34576575498234485,0.3976139165981649,0.3924082358985927,0.3018515566284816,0.3904000386510774,0.49427772424975913,0.4913708240395758,0.38134592680047225,0.3852554352688557,0.604931500315969,0.5289043950186558,0.3794028031687995,0.5524602479028421,0.5086605942959534,0.5429308517989588,0.4973886028107685,0.49502787575378315,0.49577227556004716,0.4696644931296676,0.734809190632794,0.3335852370788697,0.36289541081193327,0.41107882212165653,0.32452327950720233,0.3040157845868152,0.39009228330408197,0.5105495475612447,0.4467350288869465,0.6743316470376517,0.5345642781446156
0.3342052898696537,0.4339328690516329,0.30140634384597076,0.3418368505940347,0.2992068281748427,0.3265279972664759,0.4253913617016891,0.420645263827082,0.36879327306814175,0.5269973612435417,0.4810571135537207,0.31926843823498435,0.35534977856606564,0.32714794914082035,0.41458937098421017,0.5596164360516466,0.3164586741950317,0.40966643975493533,0.49242047839709596,0.31634782032742004,0.2073565742519901,0.17192450605783097,0.10335562082109605,0.18521984134410446,0,0.24982377575983747,0.28691945477075587,0.34348002967430064,0.3431412015858493,0.48142662416417126,0.45599161107516567,0.2900259053881126,0.24967983793978624,0.24591385827610074,0.2989458763176546,0.35287216429284124,0.5309445499606245,0.3416963115521438,0.4410185000994629,0.5088589022519618,0.3448023013142309,0.30930338757887743,0.3869787426060172,0.36993704138667893,0.401947100286133,0.3554533658114599,0.3650398459361401,0.3669707415503615,0.32201099863836435,0.5855486966322342,0.24049683708588898,0.3496667296770853,0.3204373709977313,0.2711868131868132,0.36371223863771857,0.24172774647290599,0.33850305530568564,0.28386263774759535,0.5046692863671915,0.37102453157829096
0.37485952033667297,0.4520131173705408,0.3458528951486698,0.32771494588349753,0.3081857898367441,0.35161657559198545,0.5019787110424134,0.42210150964774884,0.4319069201640277,0.42153539854471334,0.5042054786970182,0.2692186970332333,0.3046498391199805,0.2885350390709174,0.43385006966615103,0.5694320014334349,0.2429048699558728,0.3811069106643025,0.4843819026172031,0.2760365673842524,0.3339197541723843,0.303479128592091,0.26922821098374833,0.3631585353708601,0.24982377575983747,0,0.17644088656995888,0.30469895321622387,0.22022504365636858,0.5240788012683295,0.4654658236908028,0.3899919164627327,0.32776404185709646,0.27916189006049735,0.35929318583964276,0.31859329437528544,0.4877073606834211,0.2555156792375125,0.39588187422659726,0.37578724718967604,0.3265968877138339,0.22273028495692512,0.37242663504249496,0.3325018382866238,0.3882742142988421,0.30133346334804123,0.27294584632832436,0.29301544660846207,0.2266015945663297,0.6383678588323304,0.27387328676455613,0.4191315455589025,0.414792612667588,0.2511151805418604,0.367944936086529,0.22729119638826184,0.3042846928111765,0.24868489569495955,0.4842633116332858,0.3147600613690168
0.2743585957818942,0.3300238753752689,0.3304313779681706,0.3243533363343606,0.24330594066989836,0.2742094593862131,0.39923453381854684,0.3712379957407482,0.3555072831739404,0.5326673349176136,0.36155673766321145,0.2694156276767869,0.23309317538896746,0.20503348455389933,0.32048223031520784,0.47026242489568104,0.1872150084683198,0.2964073129251701,0.3957784726793943,0.18512704357381535,0.30297758447641354,0.26595153639044405,0.30343610286112904,0.434299098947013,0.28691945477075587,0.17644088656995888,0,0.25348975891151165,0.25925282363162466,0.42098380663862434,0.5521153257703685,0.3185167979390586,0.34367787522636084,0.37035996108528807,0.40037035343605687,0.3352635916167398,0.5932331092615047,0.3542375156613567,0.49664215582097165,0.3734713925994512,0.23207244383310408,0.3011048269034303,0.2479509827325535,0.2475591001752441,0.29073454211451333,0.20922162199678423,0.19403339742066492,0.22054039062583336,0.18471296633595474,0.5348456550479508,0.26730531219241227,0.5001164066917219,0.381479786949353,0.35855795524303813,0.471756262933122,0.22689690023331577,0.21300570757092496,0.17716687308387305,0.3561892392612258,0.19146535962967284
0.18066941821676938,0.2348859668672461,0.2545838905906208,0.28308526595130956,0.21510136867964258,0.22581592079630666,0.30590983951893985,0.4229843000354696,0.34793351302785264,0.6039055505819159,0.3610208041531206,0.2838588869747584,0.23453787827037367,0.26205183384476416,0.29420484314101336,0.41286877306876785,0.21921745291216063,0.24875291420831216,0.34875805543389854,0.22215884587025778,0.2148019179482928,0.24453764991152763,0.3025403559602649,0.4879254488428824,0.34348002967430064,0.30469895321622387,0.25348975891151165,0,0.23456985253441653,0.3082924864030081,0.6146385474230293,0.273920400966246,0.2450735250342323,0.35039689398875135,0.3112292150520781,0.2661489440942384,0.6614233760089885,0.36951908005160145,0.5452497819209187,0.38518102722424924,0.22034916141208769,0.4293073693429153,0.31740253499128973,0.390224553906688,0.3966807747638805,0.17281772430149825,0.21037180696324437,0.22316406352196322,0.21373614088619416,0.45382988269982694,0.27597524381095273,0.5408043353695844,0.3965496245179623,0.3399452236700141,0.49390219031692295,0.25089160700604973,0.2600017946187076,0.2689612708577058,0.39420909933305115,0.3077273843347715
0.3368233813938018,0.40882111222719386,0.3087226588948747,0.3081772148161271,0.31957454440106503,0.3660545080235047,0.46806902304243564,0.4991235135263183,0.4733134342013472,0.5209546566698622,0.46731914670305164,0.2481736140954018,0.3018883736521593,0.31327361563517914,0.39649864328950113,0.5421306632086949,0.2929734455250792,0.34333599361532324,0.45477297104040043,0.27668535329102756,0.3332202910837926,0.31723251579736533,0.3317395955780381,0.4298742718574554,0.3431412015858493,0.22022504365636858,0.25925282363162466,0.23456985253441653,0,0.49263030768808497,0.5405050694434429,0.42361569103331836,0.3530622512921374,0.3596522211656025,0.3723900618219993,0.35871251657310504,0.6042578320185333,0.29245871871985474,0.48984150622274225,0.3569429092318514,0.30845771144278605,0.3067445132615356,0.3764515654858151,0.4217163022895507,0.4537089062516565,0.2654221380035234,0.26513938275291116,0.30249709407190667,0.2374989923959481,0.6270188205114782,0.35243032742823693,0.5047549522531766,0.49637408320524856,0.3226960888323078,0.46330887258172115,0.2839003063138435,0.3160236612050463,0.29025450342938974,0.4561027338196565,0.3535887903917644
0.31856369406932605,0.2859223427219058,0.40698056461192406,0.46227813462050094,0.405757441774315,0.31365104148184947,0.16880487693917473,0.30213910615003725,0.17156847836004746,0.7809952518961584,0.19643551671280515,0.4529809304274937,0.35638709054014883,0.3428766671379424,0.23580567317761691,0.23045616809497785,0.3916875977441827,0.23874687413170326,0.23076235588524444,0.36017084366332014,0.36812824829807483,0.38611279280957483,0.4452588339527552,0.6252842409904219,0.48142662416417126,0.5240788012683295,0.42098380663862434,0.3082924864030081,0.49263030768808497,0,0.775942781220121,0.3250201126307321,0.4052484209155434,0.5050586043440323,0.45384808222612183,0.4411041001778449,0.8199355247996478,0.5715894623445305,0.7169344011851303,0.5416847026231495,0.39999497083081875,0.6007473378953039,0.296794208893485,0.2640676013059343,0.25352766695412376,0.31690901009587913,0.3111760409057706,0.2918889392513046,0.4138969987154035,0.15812424373872744,0.42943240367088475,0.6537258803880459,0.2870710302671611,0.5435395831043704,0.6546639726752297,0.45753373269404357,0.3972468267738106,0.3857183762472192,0.2791258633130605,0.3324713006181405
0.6304155384294938,0.7381325555722132,0.5856887771972753,0.5769985677152406,0.5475709259675126,0.5848865628163034,0.7251969903430298,0.49797706754297627,0.6374437481599865,0.3236629016452628,0.7698148744173848,0.5802699696524449,0.613489269898944,0.5884543990558964,0.7112057208590776,0.8101127682793743,0.5373353941267388,0.6449358455948918,0.7434143958689509,0.5796225737341082,0.5645422440939862,0.5525175139322268,0.47359078915807146,0.34576575498234485,0.45599161107516567,0.4654658236908028,0.5521153257703685,0.6146385474230293,0.5405050694434429,0.775942781220121,0,0.5313424611588266,0.5171999563175712,0.29810401466589564,0.49160011016248967,0.5950105008591612,0.5442138108804776,0.48878568047185866,0.4710346907993967,0.6789002689840679,0.6260344441959294,0.47387533745848964,0.6718811238144295,0.6116925584677619,0.645194815381297,0.6083811954903212,0.6011751834687581,0.5940325278134619,0.5693596911121668,0.8485839686938732,0.4725760560297658,0.3797037648461503,0.5837412052615478,0.42854955207881373,0.4508345997814592,0.5189179934942647,0.585104485067615,0.5502618220984726,0.7569559589649234,0.6377749877176702
0.2336931074640126,0.28761427676894175,0.27292219975146803,0.30819115545731,0.24537405778531934,0.14313472242859265,0.21359714763623558,0.328821263546654,0.20706797263375498,0.5808551402425237,0.33401943208728946,0.34040353089533415,0.22983438301842782,0.2125614866095828,0.26488986784140967,0.38102465513170763,0.24995420826082976,0.24638395056199902,0.3118754055807917,0.25390282614360504,0.22321407541748123,0.1995272399819901,0.2550830764436827,0.3976139165981649,0.2900259053881126,0.3899919164627327,0.3185167979390586,0.273920400966246,0.42361569103331836,0.3250201126307321,0.5313424611588266,0,0.15472890772954737,0.26492239669986556,0.14996131902137125,0.3354812915970932,0.663985434047913,0.40417789120468833,0.5339555913689676,0.5033947855139909,0.3017069977207701,0.44905811001097673,0.27362706201712256,0.3291872105184521,0.3150796065307778,0.2667670424638586,0.24477945027668344,0.23733860727489298,0.3028743028743029,0.38341247929320815,0.22664704620006745,0.4948403629060184,0.20369086735382816,0.36069496340126594,0.48164839249210184,0.30722598044214794,0.2837581165245815,0.22762666666666667,0.37199623842013646,0.27012806917366833
0.2466195872338096,0.34819389587073607,0.21182348275046273,0.26964943619515463,0.23922205062429652,0.2182848859783087,0.3357471449650948,0.42467155151935976,0.3037434325744308,0.5556850205939735,0.4543616875257359,0.28118711545421643,0.2897570019201483,0.2917434503021946,0.3764815389388768,0.5073549960620919,0.28305262748453847,0.36206525999064465,0.41647716908858756,0.2892009541650382,0.2110484810346905,0.21244037397443236,0.22824994976893712,0.3924082358985927,0.24967983793978624,0.32776404185709646,0.34367787522636084,0.2450735250342323,0.3530622512921374,0.4052484209155434,0.5171999563175712,0.15472890772954737,0,0.2216847889176953,0.11840889342509965,0.27388160444818693,0.6277979474571911,0.34439800567120454,0.5035828478269112,0.4465887469421038,0.279037905312833,0.39676862666633317,0.3745543802232482,0.41104446486274426,0.40140056592634815,0.31309117367213296,0.3227406863313617,0.31737043902191303,0.30488941074368564,0.5002303143479614,0.2641044367354391,0.48384890822228765,0.319611342454888,0.2853083871659474,0.4313505819087662,0.278804501063748,0.31110032241600377,0.29027237354085605,0.462137675102805,0.3763475132901522
0.3462245187386699,0.45380315792185044,0.30453942261949474,0.32098347076320644,0.30043706397242587,0.3272128225872642,0.45863220101953356,0.36221323685890616,0.4044535675833409,0.3869655012281709,0.5357863932306436,0.3318460101691398,0.3802911319670561,0.3728801681850035,0.4622330579258657,0.5881857902078554,0.3357448207826373,0.4305555555555556,0.5162648466583939,0.3667145046337963,0.2808366582033611,0.272196315619373,0.2284348510604315,0.3018515566284816,0.24591385827610074,0.27916189006049735,0.37035996108528807,0.35039689398875135,0.3596522211656025,0.5050586043440323,0.29810401466589564,0.26492239669986556,0.2216847889176953,0,0.20977596741344195,0.34085806031048554,0.5625456830334816,0.3046875,0.43365309588286594,0.47525152878028454,0.38781763826606874,0.3291508972916454,0.4498589381892793,0.4273483086076046,0.4539791280453951,0.4002692196404534,0.3971175632430917,0.3853226865774828,0.365897144974182,0.5958617254884205,0.2386856658965218,0.31175203869100154,0.3564166383482885,0.23809523809523808,0.36685262003528346,0.3244157262891211,0.3823116624411445,0.3415987590937889,0.5520797102931849,0.4363082571869654
