RTF001,RTF002,RTF003,RTF004,RTF005,RTF006,RTF007,RTF008,RTF009,RTF010,RTF011,RTF012,RTF013,RTF014,RTF015,RTF016,RTF017,RTF018,RTF019,RTF020,RTF021,RTF022,RTF023,RTF024,RTF025,RTF026,RTF027,RTF028,RTF029,RTF030,RTF031,RTF032,RTF033,RTF034,RTF035,RTF036,RTF037,RTF038,RTF039,RTF040,RTF041,RTF042,RTF043,RTF044,RTF045,RTF046,RTF047,RTF048,RTF049,RTF050,RTF051,RTF052,RTF053,RTF054,RTF055,RTF056,RTF057,RTF058,RTF059,RTF060
0,0.21404595697641338,0.14347978220002713,0.15687341205235758,0.14268605910571538,0.23119005486906546,0.2615380226949493,0.2867843528522611,0.22189118353399823,0.5491424639437823,0.3465872015025347,0.3351719048425133,0.3174277842517138,0.2995584366700407,0.2876045733157387,0.39181526843116565,0.30574125925653794,0.26843863886050134,0.289712616703294,0.2908782978424368,0.24424192488935048,0.28664184304086904,0.34227228560337053,0.450886956075781,0.3497215867685467,0.41667188504334823,0.31686140577919,0.2718217901901548,0.33831132565867383,0.3679133670940511,0.5745749642062675,0.23197046541824223,0.28041107529974374,0.3850204363854998,0.3098089320291428,0.39703686853743486,0.6384969425616766,0.4241876934380964,0.5519722216448929,0.4081641387090183,0.33318823570633405,0.4912116994679416,0.2850527111102287,0.31839108946545275,0.3192963242821308,0.30107939759436375,0.29254952341282014,0.2858481207116171,0.3278110682062827,0.4777654160641048,0.35811030787085146,0.5386960765691736,0.2690837115205979,0.46225386646208044,0.5492494836935589,0.3810898476317173,0.3099948864783542,0.2869697937367941,0.3060807188423988,0.24114993938203264
0.21404595697641338,0,0.27226677990115067,0.2814182125727657,0.27859578832695364,0.3255173550941868,0.26810177124736173,0.37031276605406943,0.2825528148407169,0.6243437674324143,0.2765445665202462,0.4433493920850761,0.41769741490829304,0.40119382465798753,0.3153733525188028,0.31441488995829053,0.40321157409420705,0.3177444110882702,0.2792332525594023,0.3880825775577903,0.3645378180104487,0.4087637520031662,0.45654335743443714,0.563464743844551,0.4568958442026756,0.49519621298407424,0.39810113538091885,0.3368565380704409,0.4181536431536166,0.29559699106212234,0.6594422654572537,0.35795826806887027,0.38883222940858725,0.4873075023095151,0.4240529326122892,0.47820344975633833,0.6996861814011309,0.5046472770530499,0.6226214539209722,0.4431326557675978,0.42439410483809725,0.5762018520937198,0.34888372256384503,0.40600314562237483,0.38856847388915344,0.36568883252353107,0.3665009169129856,0.3686915174449883,0.4213790545567295,0.38571713361591686,0.4413972916076338,0.6105530708823882,0.3958130624745753,0.5495500485535854,0.6198547077644643,0.4774781671943049,0.40590362944488784,0.38310583939207543,0.3174991484449823,0.3222589145058577
0.14347978220002713,0.27226677990115067,0,0.09449595775059144,0.08751721542841451,0.22733571655517473,0.3199344575693724,0.2824327128330131,0.24128711332577638,0.5034551428032537,0.39009591316905123,0.2956195649236461,0.3172753227609691,0.3055872842494721,0.32458995978956173,0.44812429386661945,0.27759838401294973,0.29176706900970223,0.32391897200843245,0.2863036023237394,0.22154110909601848,0.24294321182696985,0.2667572418175239,0.38564272867203625,0.28156902178004944,0.36015003489593705,0.2604460127568523,0.2843686607276418,0.27964106638152003,0.4338802225352679,0.515658866797649,0.22845732633204502,0.2501854435378954,0.32908366549211227,0.24874346631267205,0.35848163773549124,0.590413856743792,0.37261641008288654,0.5030082212628489,0.39838781564296377,0.3360185542425649,0.4511926598240562,0.29410650095611995,0.3276606429917545,0.3368571579806327,0.31168099319699183,0.2993700132293905,0.2961001262487565,0.2884119446185957,0.5407003770921239,0.30268983902170754,0.4801292594937959,0.2474538167809929,0.41418779048289833,0.5035521115801834,0.34154997924606106,0.3076070608847768,0.26708488142795006,0.3711402798149616,0.24674540830898908
0.15687341205235758,0.2814182125727657,0.09449595775059144,0,0.10138944586752896,0.2489662404059429,0.3376387159215925,0.29192909829141384,0.25961724360663163,0.5043505243907359,0.4158836622995921,0.3183369369876886,0.34093881846498614,0.32545093578914597,0.34653526841377663,0.47001014386727513,0.29672028426455826,0.3153445844912322,0.35922057102260224,0.31199997695476817,0.25284987160045047,0.28100916145303123,0.302641454890564,0.41255394050540245,0.3031499457350745,0.36011477480547466,0.2691441786295142,0.3108026144282815,0.28776611926978085,0.451453294315716,0.530225673930381,0.2487852924405856,0.27976687043754384,0.3445575537607373,0.27609742200114445,0.3906510485948016,0.5926129685156333,0.3829086921820001,0.5107726669531351,0.3879002040444205,0.358781620207882,0.4583753378240385,0.3209927570698199,0.3528773285323723,0.35656096114995167,0.33540554519288,0.3189391614889784,0.31576278016725823,0.30318904037044614,0.5524865497249221,0.32187389059349847,0.49013985036956964,0.27270379735486827,0.4241854744228123,0.5116548707396835,0.3517093269121911,0.3134569718169831,0.28440569604129634,0.37637936205242595,0.25591646045653466
0.14268605910571538,0.27859578832695364,0.08751721542841451,0.10138944586752896,0,0.23071740421270193,0.3348621239124561,0.26880482875258366,0.2546093706377335,0.4908766947408307,0.40784266597420415,0.2917566085452576,0.3218227683228348,0.2968787839144289,0.339255919811494,0.4674256245331924,0.2641383380762452,0.29770800783467377,0.34970386183171104,0.2853302143874816,0.22641042003045156,0.25515480544171765,0.28213858684101806,0.3875950980502951,0.27805446602951506,0.33995936315120073,0.2589819887698218,0.27556253804453895,0.2644518310743692,0.43710119544024967,0.5061595036704051,0.22000066478408417,0.23890103626441941,0.31524404690980457,0.26379440902184664,0.360998576941554,0.5835319770660885,0.3609573198276232,0.49251002336424876,0.40954826524926796,0.3242116887689559,0.43906447609398747,0.2864505892903637,0.31972415571463975,0.3274456374335427,0.2988445372260638,0.2861338698631277,0.2810198581127645,0.2810211955261432,0.5455750987725979,0.2884913653869845,0.47133429983576663,0.25826853815471174,0.40547369481072615,0.4924267630501518,0.31729043656348443,0.2902613904764973,0.2463995182443431,0.35937231201327935,0.23880393386751722
0.23119005486906546,0.3255173550941868,0.22733571655517473,0.2489662404059429,0.23071740421270193,0,0.2356811036608321,0.1479573492808175,0.1472519437619392,0.507532922255408,0.3226950920129155,0.27567875190525176,0.2753057813757604,0.2525975986657687,0.2105583978204729,0.3644334145237671,0.25194905894829217,0.2096433057070933,0.26225557920680725,0.24601175173209988,0.260925056424269,0.2741017149400347,0.30015821288061356,0.42146637669921283,0.32195545558406363,0.386988509521381,0.2974042959391536,0.2394211948499937,0.31247101175248343,0.35881361866476935,0.5373427643423625,0.2061479144878602,0.2423840066440884,0.3473388139604286,0.2478831157629479,0.369586714672961,0.5969878465774011,0.3935875554876548,0.5086303770314536,0.407391720769482,0.27111778118663843,0.42172617523067407,0.22433798239627084,0.2714409508078035,0.26441967357293533,0.2537879950805754,0.26021501355343923,0.24040744239047668,0.3018717368079806,0.49062339458256077,0.3240698502698916,0.509075979799267,0.24494683637987624,0.435097840663813,0.5128234229796877,0.33209305579734266,0.28786169919011945,0.2637129383402153,0.3262827094007598,0.246453756390481
0.2615380226949493,0.26810177124736173,0.3199344575693724,0.3376387159215925,0.3348621239124561,0.2356811036608321,0,0.3252491024854697,0.14391054409661003,0.6462514186876526,0.21121158384742642,0.3660208140085325,0.33763648367572263,0.3294404878127762,0.17001634897526097,0.2275003870391008,0.3951269966047471,0.2579771234788224,0.17087592065682827,0.347358841336308,0.29086852537871244,0.32677386724749896,0.40621742894167867,0.5337954519882262,0.4353971443836014,0.5249619587616472,0.42297084649144256,0.3229469907675527,0.43975506831610933,0.25209321257804956,0.629825445547331,0.2678769023731973,0.31072131781452506,0.4394624085869419,0.3167604206428026,0.42165514561023404,0.701912688314176,0.5182227548790669,0.6249900231967215,0.46864222573959996,0.311432220890974,0.5532790618157257,0.2584526620472625,0.3207390393940774,0.2650982992280682,0.3327585888980007,0.35289201200811293,0.3338566706075355,0.42797568662988444,0.34828489311658695,0.46822149121309825,0.6162228999848787,0.3080542216761873,0.5377537721604431,0.6000308127154862,0.45608485136728155,0.3643765949723787,0.3745382880918859,0.28241764498440375,0.31593809355604047
0.2867843528522611,0.37031276605406943,0.2824327128330131,0.29192909829141384,0.26880482875258366,0.1479573492808175,0.3252491024854697,0,0.21397746786730676,0.43251542733323406,0.38380762337427915,0.24770958766127052,0.25924717132810954,0.23324707675916584,0.28528939310357465,0.4457472074756686,0.2080258998773767,0.22318319016591218,0.3357932182374633,0.22270315677192726,0.2878275063390852,0.2969727072085832,0.3015722547986914,0.397155371919406,0.3161483309876483,0.3344813958811021,0.2776888796671633,0.21488357652113985,0.29216175977836456,0.4056381214364169,0.47253915814079817,0.2534889616670618,0.23308576996403066,0.29833636259725166,0.27104422024331365,0.3641257566039577,0.5522798832548048,0.3766042690215811,0.4609790653888529,0.4384724094257337,0.2674848195326729,0.3563973144025727,0.24541628276734168,0.23257998612773445,0.2514759411752553,0.23557197818080988,0.24442117926996723,0.22221013506502255,0.2756571220715008,0.5353887422421422,0.30226951177257266,0.4466751920780331,0.2967968096747528,0.39297999276366946,0.4735255919122796,0.29611263620223843,0.27630556332081285,0.24147409367559478,0.38078548728637374,0.23578452653346318
0.22189118353399823,0.2825528148407169,0.24128711332577638,0.25961724360663163,0.2546093706377335,0.1472519437619392,0.14391054409661003,0.21397746786730676,0,0.5695078817490157,0.25457743476278494,0.28015541727819304,0.2639613474186587,0.2423444628270539,0.16400076792143542,0.2958245257396617,0.3027793374073691,0.18944914336167884,0.19076722894323409,0.2537285717557858,0.25278857610807787,0.2786251159745332,0.33069491823074637,0.46484823021209337,0.3516995560547605,0.44060299933011526,0.3373382950465643,0.24830970644362074,0.37190602742899015,0.280599106867798,0.5699135008074667,0.21417532325090913,0.2465319201703106,0.37502431818365134,0.2698964722877443,0.38222788133702074,0.6444888083942605,0.4523887493244206,0.5622101044440181,0.4463424757143849,0.2712450447166162,0.47891848645289703,0.2115781512847837,0.25651762556502955,0.23677005688622058,0.26316267952195005,0.28760909458660555,0.2577298810212634,0.3434302822084236,0.42249222053632285,0.3883103109327756,0.5575379576650673,0.25109328616723525,0.4673332724320099,0.541371454954074,0.3816559877045405,0.30303615579275023,0.29833228269354806,0.3180632548012859,0.2564975521077543
0.5491424639437823,0.6243437674324143,0.5034551428032537,0.5043505243907359,0.4908766947408307,0.507532922255408,0.6462514186876526,0.43251542733323406,0.5695078817490157,0,0.6909185039929877,0.45492439757202086,0.48803350796390266,0.47436192112561554,0.603512287237374,0.7273999202398703,0.39189319530770517,0.5309025629193959,0.6306936911364445,0.45500611202348995,0.5114419277148552,0.48384149293576906,0.4190368353558463,0.3446158625579045,0.4003717242210607,0.33294525298014177,0.42489833484906636,0.49213741223512175,0.4094470763669311,0.7032098742180715,0.3595002648372502,0.5378441671161914,0.5032673207360358,0.3945086033011743,0.5018841264624061,0.4958494712129239,0.458855504596568,0.4204435375273069,0.40482942151494045,0.5984335332729833,0.5117354613753959,0.38002947245234,0.5344991424787569,0.47921000076996956,0.5178153449055927,0.45260992854055815,0.4377907442161381,0.43716338812357886,0.3969350178385787,0.7859993305930048,0.3862407083544042,0.34722288062494044,0.5141803425974536,0.40579629391414196,0.40723702767389375,0.4297809313610549,0.5113169413327839,0.4469304505455366,0.6488529791742986,0.49167238358834076
0.3465872015025347,0.2765445665202462,0.39009591316905123,0.4158836622995921,0.40784266597420415,0.3226950920129155,0.21121158384742642,0.38380762337427915,0.25457743476278494,0.6909185039929877,0,0.3716127683716932,0.34524216348508624,0.35291201490588353,0.18407801464045545,0.18186998383167868,0.4381193623378761,0.28448558742054614,0.2297423850345283,0.3766895029409103,0.3801350263486944,0.3759428433598134,0.44903018145293233,0.5747471721640167,0.4609716523105919,0.5502995864584509,0.4471198922164316,0.3557289499099999,0.4566609670456668,0.23070061745827436,0.6622919242442111,0.34326781373781207,0.3759892797432278,0.4879442980574566,0.3957163625483722,0.4692964176672969,0.7271981889632421,0.5526020830001923,0.6579800767710762,0.4732358408146512,0.343129158271633,0.5844756967410115,0.28370350633435815,0.3491803907820543,0.30154605205777696,0.3752174528759237,0.4035108075612303,0.38504729918329905,0.4584604427259403,0.31081514531864907,0.49992378013243016,0.6429650795566714,0.37125045175905913,0.5600445849899865,0.6303013566475694,0.4934678001465982,0.4128804069324555,0.41693235109171817,0.3065478086143763,0.3642614901417995
0.3351719048425133,0.4433493920850761,0.2956195649236461,0.3183369369876886,0.2917566085452576,0.27567875190525176,0.3660208140085325,0.24770958766127052,0.28015541727819304,0.45492439757202086,0.3716127683716932,0,0.12512045451486564,0.11623535918282211,0.283438125622594,0.4595717215353484,0.17450429605639403,0.23062156221973287,0.336584705005469,0.17063000017331145,0.26500439103000945,0.25946719414165614,0.27207976294648667,0.38443026065368086,0.28851533203182606,0.2893781558537619,0.23086891006712176,0.26342818792794104,0.24003418674326035,0.4360296656271656,0.46641713848082006,0.26048139982962965,0.25631096854346513,0.30866958974473346,0.27432512919110996,0.32598386167355126,0.5546701629370954,0.3528356166948317,0.45934878754275676,0.4239661168996788,0.1774211659708525,0.32816676498448183,0.2145096419466007,0.17532279673866627,0.1746103624446616,0.23021027137177857,0.23467114359940328,0.2050569623431576,0.20322075894142064,0.5663276920567144,0.2897089211153855,0.4419429142653713,0.24565969306475405,0.3403875771110582,0.44045865338494056,0.25900682226872945,0.2596543031731245,0.22622244746101666,0.3911824591179722,0.23895693188327222
0.3174277842517138,0.41769741490829304,0.3172753227609691,0.34093881846498614,0.3218227683228348,0.2753057813757604,0.33763648367572263,0.25924717132810954,0.2639613474186587,0.48803350796390266,0.34524216348508624,0.12512045451486564,0,0.09038203366842529,0.24962800805376273,0.4295367530559616,0.20141071832141233,0.20718511784395244,0.2922737686194574,0.17359617412522876,0.29620651160065015,0.2975899505476425,0.3242909971842819,0.42723768030690823,0.3482258427132774,0.3129745630068346,0.2836098168600189,0.25319759431466776,0.28343894881241727,0.41767283136773853,0.5026999593419426,0.2694458413386578,0.28739281457349886,0.35901327582758585,0.31730638910384396,0.3483502506694559,0.5872745950179675,0.39587999667852947,0.4997108161622598,0.44763490242372983,0.1851213666308825,0.35674863771053755,0.20338819244313155,0.18833873765978176,0.16745413041970217,0.22448530201474645,0.21591422950983677,0.1912601819217015,0.21877483630849034,0.5363335547059573,0.3398507132567153,0.4851411511953233,0.24453595430628883,0.3838414218269755,0.47394241245027696,0.27749570585161115,0.2736208778083874,0.2554865917538508,0.3724306623992686,0.24588776280491706
0.2995584366700407,0.40119382465798753,0.3055872842494721,0.32545093578914597,0.2968787839144289,0.2525975986657687,0.3294404878127762,0.23324707675916584,0.2423444628270539,0.47436192112561554,0.35291201490588353,0.11623535918282211,0.09038203366842529,0,0.24718625885088885,0.4339841341998713,0.1920518484166253,0.19712963211599466,0.3022398203238494,0.15307105676659924,0.2927027380291685,0.2884158267226814,0.31527031943259426,0.428168863885399,0.3322756966818947,0.29845812868063887,0.24346247780314934,0.23838901052852354,0.2459331844910974,0.40587688045671255,0.48814026605923444,0.26307811829054606,0.2867158830498734,0.35407762737001625,0.3199797740054307,0.32470561826366073,0.5711511175169719,0.3780696181227079,0.47334649902186926,0.4247550333667371,0.1531963792984514,0.3363078318043209,0.18174169493307324,0.13991758327188822,0.15357927670553329,0.1965415467396401,0.19161457004815152,0.16460968799158307,0.21898759128409973,0.5353706765270859,0.3160754505498807,0.45515788082473285,0.240815824164039,0.37212974474894017,0.461033996848684,0.26376072267308653,0.25971125380150856,0.22976015165846453,0.34927933357584856,0.23608580359377807
0.2876045733157387,0.3153733525188028,0.32458995978956173,0.34653526841377663,0.339255919811494,0.2105583978204729,0.17001634897526097,0.28528939310357465,0.16400076792143542,0.603512287237374,0.18407801464045545,0.283438125622594,0.24962800805376273,0.24718625885088885,0,0.2671294313354047,0.34500706930949343,0.18967463211035485,0.18167809380197772,0.27553460154734893,0.30294046977757183,0.299915717779072,0.37549950588685604,0.5041417613511485,0.3918443007272028,0.46437879825849265,0.3534088339197402,0.26629024514462785,0.3729402713650429,0.2916405260789777,0.6033666233015736,0.2736837448738169,0.30966428837624177,0.4272947741713845,0.32812365928324055,0.40433577560814354,0.6852565806672902,0.49135579633708987,0.6057188696748959,0.4343741103399597,0.25226929984648067,0.5012113139334121,0.21653258544784032,0.25886412214813187,0.21406487831496024,0.27410363157130124,0.30099018188279897,0.2806617951592355,0.35242552397472526,0.4057493025912166,0.43889436949925037,0.5971525145032951,0.2979594791175657,0.5096724030800562,0.5826328429128298,0.3978458789834503,0.31795008465198377,0.3117261073263826,0.30594111909866617,0.27436163177324124
0.39181526843116565,0.31441488995829053,0.44812429386661945,0.47001014386727513,0.4674256245331924,0.3644334145237671,0.2275003870391008,0.4457472074756686,0.2958245257396617,0.7273999202398703,0.18186998383167868,0.4595717215353484,0.4295367530559616,0.4339841341998713,0.2671294313354047,0,0.49027635280995685,0.33462510230257536,0.21335549547214408,0.44012231350604025,0.3984861088210896,0.42513648190500447,0.4832398150656215,0.6167950603172039,0.5208111312952224,0.6039264898377491,0.5256798411357201,0.41427327741642034,0.5377099173409166,0.20858973745720935,0.7098040626958382,0.3656438391015673,0.4005834915776398,0.5325108734319276,0.4051454982840682,0.513847430303724,0.7627699602067661,0.5986254159472351,0.6961669743393684,0.5257860699635925,0.4276756999241055,0.6420445292274238,0.3877178524105206,0.43362379992653177,0.38715494771305475,0.4343606849664853,0.4574771855301763,0.4465397022432562,0.5208280158327777,0.2661877084781727,0.5548049104018501,0.6899468783104721,0.41437031993405765,0.6076713316438781,0.6720268358034942,0.5532589769852799,0.47836389119359696,0.4866139093717501,0.36259628097413293,0.43102668353465046
0.30574125925653794,0.40321157409420705,0.27759838401294973,0.29672028426455826,0.2641383380762452,0.25194905894829217,0.3951269966047471,0.2080258998773767,0.3027793374073691,0.39189319530770517,0.4381193623378761,0.17450429605639403,0.20141071832141233,0.1920518484166253,0.34500706930949343,0.49027635280995685,0,0.21206308975295826,0.35718016154111254,0.12927730394775724,0.2614576731885481,0.26784474362086097,0.26758594411889536,0.3767713275725765,0.2878909483461482,0.23675017697024103,0.21235401255097597,0.22927438431955663,0.21886519746845445,0.4615117945923719,0.4552608216080537,0.29755349261098574,0.27962402444628065,0.3164703346122218,0.31502405941022216,0.31637523632285974,0.5220826582810457,0.3259474796638423,0.42665841242672153,0.41488864544909154,0.24171130211657044,0.29885655879102235,0.25956551532163036,0.21143161038180114,0.23511114406940373,0.17659891294054766,0.1794902873099372,0.15459865318581792,0.16667420136044006,0.5838687512695202,0.2578129850903889,0.4168174623762241,0.2648256802866331,0.33511262057420765,0.4297215667307554,0.22999474693989216,0.252658285078929,0.20909381671470814,0.4032491731078477,0.22809928467964474
0.26843863886050134,0.3177444110882702,0.29176706900970223,0.3153445844912322,0.29770800783467377,0.2096433057070933,0.2579771234788224,0.22318319016591218,0.18944914336167884,0.5309025629193959,0.28448558742054614,0.23062156221973287,0.20718511784395244,0.19712963211599466,0.18967463211035485,0.33462510230257536,0.21206308975295826,0,0.21066727531487772,0.15942025507242147,0.2770250134431342,0.2812183280121736,0.3264640727780412,0.4506042950575955,0.35205332648545307,0.37602745991371705,0.28145902859626026,0.16813736929977258,0.30695000911350845,0.3059152081337843,0.5448500079355749,0.2678768015543448,0.29179047925188945,0.3737263569363572,0.32041092541819943,0.33677324920984564,0.6114464793737324,0.4127877144756789,0.5238193041513192,0.4151030182879894,0.24016962156085891,0.4220716758113866,0.21030867996670716,0.21913653558310753,0.21353104856164296,0.18223633861058147,0.22127837881320747,0.19223223098714715,0.2767536379878246,0.46647197065585155,0.35225032191215855,0.5179631723895877,0.26022825029858543,0.4333234906759562,0.5207458482444268,0.32317461223921456,0.2806298250349076,0.2666201653292223,0.3334816897160277,0.25200257115369784
0.289712616703294,0.2792332525594023,0.32391897200843245,0.35922057102260224,0.34970386183171104,0.26225557920680725,0.17087592065682827,0.3357932182374633,0.19076722894323409,0.6306936911364445,0.2297423850345283,0.336584705005469,0.2922737686194574,0.3022398203238494,0.18167809380197772,0.21335549547214408,0.35718016154111254,0.21066727531487772,0,0.2946163130744997,0.30170669059131144,0.3278395708422617,0.39929824260673275,0.5255068341978036,0.42516816073722463,0.4921492992920892,0.40799104860998125,0.30990082093773474,0.4349899342258128,0.2504717845408584,0.6256654505090307,0.2777991130406438,0.3166443796524609,0.4440798964633718,0.32305514215999415,0.42438254050901186,0.6975003923088049,0.5183462335545321,0.6207943359533707,0.47947745178844975,0.3125045683617227,0.5353494931756348,0.2703558193465199,0.31877261132247786,0.2789174622570298,0.30179067023823863,0.330275267585736,0.31059151669896073,0.3894371856338626,0.3833849780901533,0.46732798163307904,0.6100688413845009,0.310442514570615,0.5275341126746942,0.6011540015547502,0.43749864020495743,0.35408902399329184,0.36979947275824665,0.29592302801273573,0.29861061580567677
0.2908782978424368,0.3880825775577903,0.2863036023237394,0.31199997695476817,0.2853302143874816,0.24601175173209988,0.347358841336308,0.22270315677192726,0.2537285717557858,0.45500611202348995,0.3766895029409103,0.17063000017331145,0.17359617412522876,0.15307105676659924,0.27553460154734893,0.44012231350604025,0.12927730394775724,0.15942025507242147,0.2946163130744997,0,0.25964704896842966,0.2704169010216191,0.29723670250806966,0.40285076708933537,0.30607562292960383,0.2880522646917268,0.21987337414302574,0.21832632356765216,0.25473526546441994,0.41788654782902634,0.47999419089850087,0.2735646081302461,0.283956109750171,0.34069125338772704,0.31983531563389955,0.3180363026652422,0.5714328687824203,0.36543858274591245,0.4824667424787611,0.4093073510769617,0.20806300191165358,0.34885556431952786,0.20644678134202704,0.17056575305318103,0.19536719253955412,0.15846934727834266,0.17820797630184776,0.1500742400099234,0.1976215140969353,0.5430282486366148,0.3165916972103933,0.47083929152703646,0.23985240288839976,0.3696884484716403,0.4696709897682545,0.2608410309346064,0.24706563164409376,0.23685717055822855,0.3557432380862102,0.22682132766802038
0.24424192488935048,0.3645378180104487,0.22154110909601848,0.25284987160045047,0.22641042003045156,0.260925056424269,0.29086852537871244,0.2878275063390852,0.25278857610807787,0.5114419277148552,0.3801350263486944,0.26500439103000945,0.29620651160065015,0.2927027380291685,0.30294046977757183,0.3984861088210896,0.2614576731885481,0.2770250134431342,0.30170669059131144,0.25964704896842966,0,0.12363681445956966,0.193334652600952,0.3219634181292975,0.2215876974139224,0.3692690983999367,0.2769620420208064,0.24858318755825323,0.30637794253196876,0.4028213695715357,0.4693836244500149,0.19650897840486878,0.1994830342387508,0.260301140836236,0.21063883128598904,0.32655253265614226,0.5835306630540048,0.3820050127328882,0.4961672310611393,0.4566184762824882,0.2779983724297663,0.41888373971682213,0.28178145484973094,0.2732595072666906,0.26864388945528683,0.273308372752838,0.3002072068101335,0.28100646821546116,0.2865567023652539,0.5165282958417681,0.2864116428263483,0.46741338458215204,0.2275811032805263,0.3471745074000718,0.4486120293162551,0.3148819841292322,0.26693241120720046,0.25227739731357446,0.3817832844363532,0.23555555119944505
0.28664184304086904,0.4087637520031662,0.24294321182696985,0.28100916145303123,0.25515480544171765,0.2741017149400347,0.32677386724749896,0.2969727072085832,0.2786251159745332,0.48384149293576906,0.3759428433598134,0.25946719414165614,0.2975899505476425,0.2884158267226814,0.299915717779072,0.42513648190500447,0.26784474362086097,0.2812183280121736,0.3278395708422617,0.2704169010216191,0.12363681445956966,0,0.150029388161383,0.3084931339636124,0.163494358110806,0.3325945278406496,0.2610757525679763,0.26334469795484694,0.28134966180975424,0.4245750356545393,0.44275399614295763,0.2149634969694229,0.200098890564659,0.21619268712920817,0.22046802534196733,0.3115609862961084,0.5470213812839917,0.35191261969884996,0.456563019508384,0.44599246349619737,0.26296749636004685,0.3843865027958993,0.29147904069726793,0.28193638167139473,0.26095229528505487,0.2739022515559665,0.3066667050764382,0.2927001200062609,0.28299104587614077,0.5379639203484273,0.24755124221477792,0.4195502737293593,0.2182674652622554,0.32228199518443174,0.4147310111475502,0.2739945105835866,0.2683483310295105,0.22294478156718184,0.38129361328311717,0.25409572510057493
0.34227228560337053,0.45654335743443714,0.2667572418175239,0.302641454890564,0.28213858684101806,0.30015821288061356,0.40621742894167867,0.3015722547986914,0.33069491823074637,0.4190368353558463,0.44903018145293233,0.27207976294648667,0.3242909971842819,0.31527031943259426,0.37549950588685604,0.4832398150656215,0.26758594411889536,0.3264640727780412,0.39929824260673275,0.29723670250806966,0.193334652600952,0.150029388161383,0,0.203962377430712,0.09698507107318682,0.28067193757055764,0.28269762513444685,0.2954654410781574,0.2738157240954535,0.48152100643593965,0.37885577623014416,0.27125313272870105,0.2575245918779915,0.1919701741065566,0.25084192446234904,0.34323879270408475,0.5047914817272628,0.31400431266941553,0.40789793795786783,0.43014417644124353,0.32705758443413974,0.35398691057211973,0.34199786430628026,0.3228783323417842,0.33620659139269754,0.3203626165435379,0.3342245641346737,0.3277347757242055,0.29569744722336416,0.5992812441518365,0.21929809095191335,0.3499876977310004,0.2641373577093327,0.25632821014543017,0.3537185155837377,0.28410084651304607,0.34146360681231774,0.2687513040947856,0.4744667894557058,0.3194404199532177
0.450886956075781,0.563464743844551,0.38564272867203625,0.41255394050540245,0.3875950980502951,0.42146637669921283,0.5337954519882262,0.397155371919406,0.46484823021209337,0.3446158625579045,0.5747471721640167,0.38443026065368086,0.42723768030690823,0.428168863885399,0.5041417613511485,0.6167950603172039,0.3767713275725765,0.4506042950575955,0.5255068341978036,0.40285076708933537,0.3219634181292975,0.3084931339636124,0.203962377430712,0,0.19536712379291715,0.3411807969620609,0.37782149506417767,0.40177001491701336,0.35713860490860644,0.5986606741354357,0.28909985197506954,0.4029182996936953,0.3781339576236171,0.2752904874081525,0.3622133845706453,0.45167186402385134,0.45886224714502016,0.38020565139850765,0.3850391884487499,0.5330570912710131,0.4373563781141342,0.3745500242706316,0.447023553007649,0.42674167027656,0.4415328868523651,0.41193089210642714,0.42779943073921406,0.42176745098282387,0.3910762217734029,0.7034690842705651,0.3132875603986208,0.27711289283815815,0.39891857585513213,0.3004618857613732,0.31061024145648414,0.34966626729928363,0.4486039601223291,0.3851963104020727,0.5793330328065627,0.4415408397176121
0.3497215867685467,0.4568958442026756,0.28156902178004944,0.3031499457350745,0.27805446602951506,0.32195545558406363,0.4353971443836014,0.3161483309876483,0.3516995560547605,0.4003717242210607,0.4609716523105919,0.28851533203182606,0.3482258427132774,0.3322756966818947,0.3918443007272028,0.5208111312952224,0.2878909483461482,0.35205332648545307,0.42516816073722463,0.30607562292960383,0.2215876974139224,0.163494358110806,0.09698507107318682,0.19536712379291715,0,0.26074960537706565,0.2796114801004039,0.3213922752900929,0.27279407457708527,0.49583023518937736,0.37254434129039526,0.2968648983471076,0.27608732578749523,0.19258261339167898,0.28960504268837367,0.3673313632491644,0.493458590032525,0.31166897727014825,0.4087783161293495,0.4487654132741111,0.3399779946795792,0.34227213390965133,0.34681100201180154,0.3315491786675117,0.3465697116604034,0.3285037900281868,0.34713455436426605,0.3425033476596509,0.3119427208940346,0.6041596348826476,0.23095872131614,0.3386650021514681,0.3034353225037337,0.2610628493827784,0.34226514115241297,0.2801081910104595,0.344322531491212,0.26662736631464923,0.46907449190428024,0.32364954304934657
0.41667188504334823,0.49519621298407424,0.36015003489593705,0.36011477480547466,0.33995936315120073,0.386988509521381,0.5249619587616472,0.3344813958811021,0.44060299933011526,0.33294525298014177,0.5502995864584509,0.2893781558537619,0.3129745630068346,0.29845812868063887,0.46437879825849265,0.6039264898377491,0.23675017697024103,0.37602745991371705,0.4921492992920892,0.2880522646917268,0.3692690983999367,0.3325945278406496,0.28067193757055764,0.3411807969620609,0.26074960537706565,0,0.19307045519094188,0.29417473413460377,0.19755590123144148,0.5664655142399267,0.41706646220123167,0.41207417016415654,0.3780234630582234,0.3092769654885897,0.40075946898212755,0.3496819983055945,0.4522697895131988,0.2788689821038192,0.371015191714784,0.4045713000315682,0.335353767979111,0.2424839454415949,0.38364941957428317,0.2995912811472491,0.3498539556109964,0.3047734028116087,0.28292420219449693,0.2895639536917222,0.2255893521030911,0.6795204621022113,0.2446274218273123,0.3414846753239691,0.37459139969988325,0.272672651768318,0.35110566338158256,0.24479070585413687,0.3287055203527685,0.2725313431815419,0.48650492291675157,0.3164385042680791
0.31686140577919,0.39810113538091885,0.2604460127568523,0.2691441786295142,0.2589819887698218,0.2974042959391536,0.42297084649144256,0.2776888796671633,0.3373382950465643,0.42489833484906636,0.4471198922164316,0.23086891006712176,0.2836098168600189,0.24346247780314934,0.3534088339197402,0.5256798411357201,0.21235401255097597,0.28145902859626026,0.40799104860998125,0.21987337414302574,0.2769620420208064,0.2610757525679763,0.28269762513444685,0.37782149506417767,0.2796114801004039,0.19307045519094188,0,0.21410023624554378,0.1284920278957265,0.47998933942215666,0.472452905375845,0.3438337576683667,0.3372644394370019,0.3423357503685745,0.3470987662157258,0.3357702333043921,0.5284869311566601,0.32809742536210434,0.43108180081277836,0.33905718406572993,0.2605815257137183,0.3239374686003267,0.2732044678310089,0.23508419777139078,0.2659234810530437,0.21958413912647715,0.21427477188486826,0.2258721595880874,0.19489690822657701,0.6207937887312095,0.25832637013471726,0.42136661235314027,0.3106298620675323,0.35969324226951793,0.44962410503743666,0.23648437766188632,0.26860517243381044,0.19827121971185044,0.4054832551355997,0.22827059722252419
0.2718217901901548,0.3368565380704409,0.2843686607276418,0.3108026144282815,0.27556253804453895,0.2394211948499937,0.3229469907675527,0.21488357652113985,0.24830970644362074,0.49213741223512175,0.3557289499099999,0.26342818792794104,0.25319759431466776,0.23838901052852354,0.26629024514462785,0.41427327741642034,0.22927438431955663,0.16813736929977258,0.30990082093773474,0.21832632356765216,0.24858318755825323,0.26334469795484694,0.2954654410781574,0.40177001491701336,0.3213922752900929,0.29417473413460377,0.21410023624554378,0,0.22478710668533503,0.3488210880445887,0.5067850417599963,0.28790333943666113,0.287051288445815,0.3378435194895101,0.3330910230485883,0.33222765531582577,0.5578103143484415,0.3571662412917352,0.47090997871422174,0.4062115880818987,0.25337860922379596,0.398066570624039,0.2512804612047295,0.2234754839788117,0.23257952348659525,0.17719071924328486,0.1933799280149483,0.18323350001166788,0.25277198063232265,0.5230320650853413,0.285138412429308,0.45984339724077017,0.2757800100994985,0.37716827231263167,0.46843082979695916,0.2890344926413007,0.2680514903590149,0.22864440461726393,0.34371211666274926,0.23089922501708768
0.33831132565867383,0.4181536431536166,0.27964106638152003,0.28776611926978085,0.2644518310743692,0.31247101175248343,0.43975506831610933,0.29216175977836456,0.37190602742899015,0.4094470763669311,0.4566609670456668,0.24003418674326035,0.28343894881241727,0.2459331844910974,0.3729402713650429,0.5377099173409166,0.21886519746845445,0.30695000911350845,0.4349899342258128,0.25473526546441994,0.30637794253196876,0.28134966180975424,0.2738157240954535,0.35713860490860644,0.27279407457708527,0.19755590123144148,0.1284920278957265,0.22478710668533503,0,0.4955951761418409,0.44717587377276835,0.3379958108669538,0.3387092109805425,0.3242288396989784,0.33596186515254206,0.3464912304730968,0.517525531449573,0.30741884999514163,0.41634184373460187,0.36587479648349763,0.28618432402897503,0.3187163377235158,0.303145756721504,0.2666776307321323,0.2908825727632079,0.2563149111163063,0.2224774698438965,0.24340573650579056,0.21364603357243098,0.6308860104281282,0.23989915719555113,0.3923769220205636,0.31522259137873543,0.3454093184673545,0.4305293390733748,0.25330494383842983,0.3058478170504878,0.2158748229387472,0.41101157763530743,0.2671217733347284
0.3679133670940511,0.29559699106212234,0.4338802225352679,0.451453294315716,0.43710119544024967,0.35881361866476935,0.25209321257804956,0.4056381214364169,0.280599106867798,0.7032098742180715,0.23070061745827436,0.4360296656271656,0.41767283136773853,0.40587688045671255,0.2916405260789777,0.20858973745720935,0.4615117945923719,0.3059152081337843,0.2504717845408584,0.41788654782902634,0.4028213695715357,0.4245750356545393,0.48152100643593965,0.5986606741354357,0.49583023518937736,0.5664655142399267,0.47998933942215666,0.3488210880445887,0.4955951761418409,0,0.6761037077225438,0.3836739847555515,0.3987236635885159,0.5072572304787534,0.4415175569557323,0.47644616047447735,0.7269662179774736,0.5717047375126839,0.6630115068907623,0.4928882004214227,0.3985653561746507,0.604476362890164,0.34674432479766193,0.3969122322559653,0.3657427975445517,0.395523437240289,0.4260490452336707,0.4129745042721322,0.4988528985592718,0.26822378427769156,0.5070161671252795,0.6479876570570801,0.41071581961392495,0.5776876568407702,0.6382580484841894,0.5167266408519884,0.4429023334410522,0.4484411569729651,0.3311842811720002,0.40982192536858714
0.5745749642062675,0.6594422654572537,0.515658866797649,0.530225673930381,0.5061595036704051,0.5373427643423625,0.629825445547331,0.47253915814079817,0.5699135008074667,0.3595002648372502,0.6622919242442111,0.46641713848082006,0.5026999593419426,0.48814026605923444,0.6033666233015736,0.7098040626958382,0.4552608216080537,0.5448500079355749,0.6256654505090307,0.47999419089850087,0.4693836244500149,0.44275399614295763,0.37885577623014416,0.28909985197506954,0.37254434129039526,0.41706646220123167,0.472452905375845,0.5067850417599963,0.44717587377276835,0.6761037077225438,0,0.5048427154477593,0.47453171622845836,0.3174272933889939,0.4624089323866314,0.5216189465111063,0.47189369313041424,0.4756355572488638,0.4313688183540213,0.6107968311773784,0.499730366293191,0.4236376877360643,0.5410104963124093,0.49456418946117714,0.5153936258338582,0.4932439010619591,0.5044290438523157,0.49342783102568427,0.46101502784503434,0.7613827416614176,0.4342762475195404,0.3453854620776831,0.5008486512710274,0.3651925033332056,0.37227173257373075,0.4243417704275787,0.4711484584114549,0.4619282795114402,0.6119060011478064,0.514186954820065
0.23197046541824223,0.35795826806887027,0.22845732633204502,0.2487852924405856,0.22000066478408417,0.2061479144878602,0.2678769023731973,0.2534889616670618,0.21417532325090913,0.5378441671161914,0.34326781373781207,0.26048139982962965,0.2694458413386578,0.26307811829054606,0.2736837448738169,0.3656438391015673,0.29755349261098574,0.2678768015543448,0.2777991130406438,0.2735646081302461,0.19650897840486878,0.2149634969694229,0.27125313272870105,0.4029182996936953,0.2968648983471076,0.41207417016415654,0.3438337576683667,0.28790333943666113,0.3379958108669538,0.3836739847555515,0.5048427154477593,0,0.09684558040771175,0.259815979956997,0.11761652588526718,0.35339220917834097,0.5992903782920914,0.3904050105620966,0.5024044426185982,0.4668924319624834,0.2711369289976521,0.45944311538410443,0.2719676144160312,0.29381049135631304,0.26928447750805334,0.3147167032351158,0.3152954679099833,0.2923737541128524,0.34770559186616984,0.4587060840883554,0.30558660162925216,0.4840296128926829,0.18226518608833817,0.3945744863667683,0.4866331430055823,0.36083540559604355,0.315177145441716,0.302977582883992,0.3566790198393369,0.2781151928400746
0.28041107529974374,0.38883222940858725,0.2501854435378954,0.27976687043754384,0.23890103626441941,0.2423840066440884,0.31072131781452506,0.23308576996403066,0.2465319201703106,0.5032673207360358,0.3759892797432278,0.25631096854346513,0.28739281457349886,0.2867158830498734,0.30966428837624177,0.4005834915776398,0.27962402444628065,0.29179047925188945,0.3166443796524609,0.283956109750171,0.1994830342387508,0.200098890564659,0.2575245918779915,0.3781339576236171,0.27608732578749523,0.3780234630582234,0.3372644394370019,0.287051288445815,0.3387092109805425,0.3987236635885159,0.47453171622845836,0.09684558040771175,0,0.2149920217204998,0.1168108770376123,0.3251562203917627,0.5751654108841441,0.37082530689189996,0.4827904067327787,0.47122068671274003,0.26966286854372773,0.42729446393750015,0.28617498474363057,0.2946959833233917,0.27615961321538446,0.3175629132902798,0.3299081796583745,0.30583147971460545,0.32878525052064445,0.49124712231654116,0.28987017731160536,0.4477701322670679,0.20096135917144592,0.36418785358496725,0.4563447448193349,0.3437032041971932,0.2866385464638017,0.2816410895624948,0.37129252785710476,0.27556228254242504
0.3850204363854998,0.4873075023095151,0.32908366549211227,0.3445575537607373,0.31524404690980457,0.3473388139604286,0.4394624085869419,0.29833636259725166,0.37502431818365134,0.3945086033011743,0.4879442980574566,0.30866958974473346,0.35901327582758585,0.35407762737001625,0.4272947741713845,0.5325108734319276,0.3164703346122218,0.3737263569363572,0.4440798964633718,0.34069125338772704,0.260301140836236,0.21619268712920817,0.1919701741065566,0.2752904874081525,0.19258261339167898,0.3092769654885897,0.3423357503685745,0.3378435194895101,0.3242288396989784,0.5072572304787534,0.3174272933889939,0.259815979956997,0.2149920217204998,0,0.215687920281578,0.3556343923545238,0.5085608346991599,0.3176030012667722,0.40123686006538284,0.4772395367890029,0.349661655914123,0.3527044663685215,0.3778062728488558,0.357985899202858,0.35049881399475297,0.3563602471326713,0.3752148221071566,0.3545305312916254,0.3408251418239543,0.6006717415993046,0.2364110527941237,0.328754827195739,0.28453466197508637,0.27345221796191815,0.3678344741682403,0.32577276728015975,0.34838981446928524,0.3027356633699639,0.4752103611573271,0.3500638561206807
